144.96;138.95;133.65;129.01;125.01;121.6;118.75;116.44;114.62;113.27;112.38;111.9;111.81;112.08;112.67;113.53;114.63;115.9;117.29;118.75
137.7;132.03;127.03;122.66;118.89;115.69;113.02;110.85;109.16;107.91;107.06;106.62;106.56;106.85;107.46;108.34;109.46;110.76;112.2;113.71
130.72;125.36;120.65;116.53;112.98;109.98;107.48;105.46;103.88;102.72;101.94;101.54;101.49;101.79;102.4;103.28;104.4;105.73;107.2;108.76
123.99;118.94;114.49;110.62;107.29;104.47;102.13;100.24;98.779;97.704;96.995;96.637;96.607;96.896;97.496;98.372;99.49;100.81;102.29;103.88
117.51;112.75;108.56;104.92;101.79;99.151;96.97;95.21;93.849;92.857;92.216;91.904;91.904;92.191;92.767;93.621;94.718;96.023;97.496;99.092
111.27;106.79;102.86;99.436;96.502;94.029;91.99;90.349;89.087;88.178;87.598;87.335;87.359;87.66;88.218;89.033;90.097;91.374;92.827;94.413
105.28;101.06;97.367;94.156;91.407;89.095;87.188;85.663;84.493;83.659;83.142;82.917;82.974;83.285;83.838;84.619;85.638;86.874;88.292;89.856
99.522;95.56;92.088;89.078;86.504;84.342;82.564;81.144;80.064;79.301;78.838;78.653;78.732;79.06;79.612;80.378;81.347;82.529;83.9;85.425
93.999;90.278;87.02;84.199;81.79;79.77;78.112;76.795;75.798;75.1;74.688;74.539;74.644;74.979;75.532;76.285;77.226;78.347;79.66;81.136
88.704;85.212;82.16;79.519;77.269;75.382;73.838;72.613;71.691;71.056;70.689;70.575;70.699;71.043;71.593;72.335;73.252;74.335;75.578;76.991
83.623;80.352;77.494;75.025;72.924;71.167;69.731;68.598;67.751;67.171;66.844;66.757;66.896;67.248;67.795;68.523;69.42;70.469;71.663;73.002
78.754;75.69;73.017;70.711;68.752;67.116;65.784;64.739;63.961;63.438;63.152;63.091;63.244;63.592;64.134;64.848;65.722;66.743;67.897;69.175
74.106;71.239;68.74;66.585;64.755;63.23;61.995;61.031;60.319;59.848;59.602;59.569;59.735;60.087;60.614;61.309;62.16;63.15;64.268;65.5
69.713;67.027;64.675;62.648;60.946;59.529;58.381;57.487;56.828;56.401;56.19;56.18;56.36;56.716;57.236;57.912;58.731;59.689;60.771;61.961
65.638;63.127;60.928;59.025;57.397;56.031;54.922;54.101;53.503;53.116;52.927;52.927;53.118;53.475;53.988;54.648;55.444;56.365;57.404;58.553
61.754;59.408;57.356;55.579;54.059;52.787;51.743;50.918;50.313;49.969;49.813;49.832;50.02;50.362;50.868;51.511;52.283;53.175;54.176;55.276
58.052;55.863;53.949;52.291;50.877;49.69;48.72;47.953;47.381;46.993;46.825;46.865;47.061;47.405;47.887;48.499;49.247;50.109;51.074;52.133
54.533;52.491;50.706;49.161;47.843;46.739;45.837;45.125;44.597;44.239;44.047;44.019;44.224;44.568;45.042;45.635;46.344;47.165;48.095;49.114
51.184;49.282;47.62;46.182;44.956;43.93;43.091;42.431;41.942;41.614;41.439;41.413;41.524;41.848;42.313;42.893;43.579;44.364;45.24;46.216
47.999;46.229;44.682;43.345;42.206;41.254;40.475;39.867;39.414;39.112;38.956;38.936;39.047;39.283;39.698;40.262;40.927;41.685;42.529;43.451
44.973;43.327;41.889;40.648;39.589;38.706;37.986;37.422;37.007;36.73;36.59;36.577;36.686;36.912;37.251;37.742;38.386;39.118;39.931;40.817
42.101;40.572;39.237;38.085;37.103;36.284;35.618;35.097;34.715;34.463;34.338;34.329;34.437;34.655;34.976;35.398;35.954;36.659;37.441;38.293
39.376;37.957;36.72;35.651;34.742;33.984;33.368;32.886;32.534;32.306;32.194;32.192;32.299;32.506;32.812;33.211;33.699;34.309;35.059;35.876
36.419;35.108;33.964;32.977;32.137;31.437;30.868;30.424;30.1;29.888;29.785;29.786;29.886;30.078;30.362;30.734;31.187;31.75;32.446;33.202
33.683;32.473;31.416;30.504;29.728;29.081;28.556;28.146;27.846;27.653;27.559;27.559;27.652;27.832;28.096;28.44;28.86;29.383;30.028;30.729
31.155;30.036;29.059;28.216;27.499;26.901;26.417;26.038;25.763;25.584;25.498;25.499;25.586;25.753;25.998;26.317;26.707;27.192;27.79;28.44
28.816;27.781;26.879;26.1;25.438;24.886;24.438;24.089;23.835;23.67;23.591;23.593;23.674;23.83;24.057;24.353;24.714;25.165;25.719;26.322
26.654;25.697;24.863;24.143;23.532;23.022;22.608;22.285;22.051;21.899;21.827;21.829;21.905;22.05;22.261;22.536;22.872;23.289;23.803;24.362
24.653;23.77;22.999;22.334;21.769;21.298;20.916;20.619;20.402;20.262;20.195;20.198;20.269;20.404;20.599;20.854;21.166;21.553;22.029;22.548
134.81;128.93;123.69;119.06;115;111.5;108.51;106;103.95;102.32;101.08;100.17;99.556;99.215;99.114;99.24;99.578;100.12;100.86;101.77
128.13;122.58;117.63;113.27;109.46;106.18;103.39;101.07;99.189;97.717;96.601;95.81;95.306;95.05;95.018;95.189;95.552;96.096;96.817;97.712
121.69;116.44;111.78;107.67;104.09;101.02;98.414;96.264;94.54;93.201;92.209;91.527;91.123;90.955;90.994;91.219;91.614;92.171;92.882;93.744
115.48;110.54;106.14;102.27;98.915;96.031;93.601;91.607;90.018;88.799;87.912;87.329;87.01;86.925;87.037;87.321;87.758;88.335;89.047;89.888
109.53;104.86;100.72;97.085;93.928;91.222;88.949;87.098;85.633;84.513;83.718;83.219;82.979;82.963;83.145;83.491;83.974;84.582;85.303;86.135
103.81;99.415;95.517;92.1;89.13;86.592;84.468;82.744;81.382;80.355;79.641;79.209;79.033;79.081;79.321;79.724;80.258;80.902;81.642;82.475
98.332;94.192;90.531;87.32;84.532;82.152;80.165;78.552;77.278;76.329;75.685;75.311;75.185;75.282;75.572;76.02;76.605;77.29;78.058;78.9
93.071;89.179;85.739;82.725;80.115;77.891;76.037;74.523;73.333;72.453;71.86;71.532;71.447;71.579;71.905;72.395;73.015;73.742;74.543;75.404
88.03;84.371;81.141;78.314;75.871;73.792;72.062;70.652;69.544;68.724;68.174;67.88;67.823;67.982;68.331;68.847;69.5;70.256;71.093;71.979
83.196;79.76;76.731;74.086;71.801;69.859;68.244;66.932;65.903;65.143;64.634;64.365;64.325;64.498;64.862;65.391;66.061;66.842;67.704;68.619
78.559;75.336;72.499;70.022;67.887;66.076;64.573;63.354;62.403;61.701;61.234;60.99;60.96;61.136;61.501;62.035;62.71;63.504;64.384;65.322
74.113;71.092;68.434;66.118;64.125;62.439;61.04;59.911;59.033;58.39;57.968;57.755;57.735;57.904;58.261;58.786;59.458;60.25;61.139;62.09
69.864;67.034;64.547;62.38;60.517;58.943;57.644;56.6;55.791;55.202;54.822;54.64;54.642;54.813;55.152;55.654;56.31;57.092;57.975;58.933
65.804;63.157;60.833;58.811;57.076;55.613;54.402;53.429;52.676;52.137;51.797;51.644;51.662;51.842;52.177;52.655;53.279;54.036;54.903;55.854
61.914;59.442;57.272;55.388;53.774;52.415;51.294;50.396;49.704;49.21;48.899;48.761;48.796;48.985;49.317;49.782;50.375;51.097;51.933;52.864
58.194;55.885;53.862;52.108;50.609;49.348;48.311;47.482;46.849;46.402;46.127;46.015;46.055;46.237;46.566;47.021;47.595;48.28;49.078;49.975
54.635;52.481;50.597;48.966;47.575;46.407;45.449;44.686;44.109;43.704;43.463;43.375;43.431;43.622;43.936;44.367;44.924;45.582;46.339;47.196
51.234;49.229;47.476;45.961;44.671;43.59;42.705;42.005;41.479;41.116;40.906;40.841;40.91;41.107;41.422;41.844;42.37;42.993;43.718;44.529
47.987;46.122;44.493;43.088;41.894;40.895;40.079;39.438;38.96;38.635;38.454;38.408;38.49;38.692;39.004;39.422;39.933;40.531;41.21;41.978
44.888;43.154;41.643;40.341;39.237;38.315;37.568;36.981;36.548;36.259;36.104;36.077;36.169;36.375;36.686;37.094;37.592;38.172;38.828;39.552
41.993;40.379;38.966;37.742;36.698;35.85;35.164;34.63;34.24;33.985;33.855;33.845;33.947;34.155;34.461;34.86;35.344;35.906;36.54;37.237
39.297;37.798;36.487;35.352;34.38;33.566;32.898;32.383;32.032;31.807;31.701;31.708;31.818;32.029;32.331;32.72;33.188;33.732;34.344;35.015
36.739;35.349;34.134;33.081;32.182;31.428;30.812;30.323;29.959;29.727;29.643;29.663;29.783;29.993;30.292;30.671;31.126;31.65;32.237;32.884
33.982;32.698;31.574;30.6;29.771;29.075;28.505;28.055;27.719;27.505;27.428;27.448;27.559;27.756;28.034;28.386;28.807;29.293;29.838;30.436
31.431;30.245;29.207;28.307;27.541;26.898;26.371;25.955;25.646;25.45;25.379;25.398;25.503;25.685;25.943;26.27;26.662;27.113;27.618;28.173
29.074;27.975;27.016;26.186;25.478;24.884;24.397;24.014;23.728;23.547;23.483;23.502;23.599;23.77;24.009;24.313;24.676;25.094;25.563;26.078
26.892;25.878;24.991;24.224;23.569;23.02;22.572;22.217;21.954;21.787;21.729;21.748;21.838;21.997;22.22;22.501;22.838;23.227;23.662;24.139
24.875;23.938;23.118;22.409;21.804;21.297;20.883;20.556;20.313;20.159;20.106;20.124;20.209;20.357;20.563;20.825;21.138;21.498;21.901;22.344
23.009;22.143;21.386;20.731;20.172;19.704;19.321;19.019;18.795;18.653;18.605;18.622;18.701;18.839;19.031;19.274;19.564;19.898;20.272;20.683
122.47;116.8;111.69;107.09;102.98;99.32;96.102;93.317;90.939;88.931;87.281;85.973;84.969;84.237;83.773;83.545;83.5;83.613;83.853;84.197
116.86;111.49;106.65;102.3;98.415;94.965;91.936;89.322;87.086;85.211;83.666;82.439;81.533;80.907;80.539;80.373;80.388;80.54;80.807;81.173
111.4;106.32;101.74;97.635;93.971;90.724;87.878;85.439;83.346;81.597;80.158;79.019;78.181;77.644;77.355;77.252;77.315;77.51;77.806;78.193
106.09;101.28;96.957;93.087;89.637;86.59;83.938;81.653;79.709;78.081;76.752;75.705;74.94;74.456;74.22;74.179;74.287;74.517;74.849;75.258
100.91;96.37;92.294;88.649;85.41;82.559;80.091;77.967;76.161;74.66;73.44;72.486;71.803;71.364;71.15;71.152;71.303;71.569;71.931;72.368
95.865;91.582;87.744;84.32;81.287;78.626;76.33;74.363;72.702;71.323;70.212;69.358;68.751;68.359;68.174;68.18;68.364;68.665;69.055;69.52
90.96;86.924;83.312;80.099;77.26;74.79;72.658;70.84;69.319;68.064;67.063;66.308;65.771;65.431;65.278;65.293;65.475;65.806;66.226;66.711
86.203;82.403;79.009;75.995;73.341;71.043;69.07;67.396;66.008;64.875;63.983;63.323;62.857;62.573;62.455;62.49;62.669;62.995;63.441;63.95
81.607;78.033;74.846;72.021;69.543;67.403;65.573;64.033;62.766;61.752;60.972;60.395;60.002;59.775;59.697;59.756;59.945;60.259;60.701;61.233
77.177;73.819;70.828;68.182;65.872;63.879;62.181;60.764;59.608;58.698;58.014;57.521;57.2;57.032;56.998;57.087;57.292;57.607;58.03;58.562
72.917;69.764;66.96;64.484;62.329;60.472;58.899;57.594;56.539;55.726;55.117;54.7;54.448;54.338;54.351;54.476;54.703;55.026;55.441;55.949
68.832;65.875;63.247;60.934;58.922;57.193;55.731;54.53;53.57;52.832;52.296;51.942;51.748;51.692;51.753;51.917;52.172;52.509;52.926;53.419
64.943;62.171;59.709;57.546;55.663;54.046;52.685;51.576;50.697;50.026;49.551;49.251;49.106;49.098;49.205;49.407;49.692;50.051;50.475;50.964
61.238;58.642;56.341;54.32;52.561;51.053;49.789;48.759;47.941;47.318;46.892;46.635;46.53;46.56;46.706;46.947;47.265;47.645;48.084;48.574
57.699;55.272;53.124;51.238;49.599;48.197;47.023;46.064;45.305;44.736;44.342;44.111;44.028;44.087;44.261;44.534;44.884;45.293;45.748;46.245
54.317;52.049;50.044;48.286;46.762;45.463;44.377;43.489;42.783;42.257;41.897;41.691;41.63;41.697;41.881;42.174;42.549;42.985;43.464;43.974
51.082;48.965;47.096;45.46;44.045;42.842;41.837;41.017;40.369;39.884;39.552;39.368;39.322;39.402;39.595;39.888;40.268;40.723;41.225;41.754
47.993;46.019;44.278;42.758;41.446;40.33;39.401;38.645;38.051;37.609;37.309;37.143;37.105;37.191;37.39;37.687;38.07;38.521;39.03;39.579
45.042;43.204;41.586;40.174;38.957;37.926;37.067;36.372;35.828;35.425;35.155;35.012;34.985;35.071;35.267;35.562;35.943;36.397;36.906;37.453
42.224;40.513;39.01;37.7;36.573;35.621;34.831;34.193;33.696;33.332;33.092;32.968;32.955;33.044;33.233;33.518;33.891;34.338;34.847;35.398
39.533;37.944;36.548;35.334;34.293;33.414;32.688;32.103;31.65;31.323;31.111;31.007;31.008;31.104;31.289;31.561;31.918;32.353;32.851;33.399
36.967;35.492;34.199;33.076;32.114;31.304;30.636;30.101;29.69;29.396;29.21;29.127;29.141;29.243;29.429;29.694;30.031;30.446;30.927;31.462
34.522;33.155;31.958;30.92;30.034;29.289;28.676;28.186;27.814;27.551;27.39;27.325;27.35;27.459;27.645;27.905;28.233;28.624;29.08;29.596
31.931;30.668;29.562;28.604;27.785;27.097;26.531;26.079;25.735;25.492;25.344;25.285;25.311;25.412;25.586;25.827;26.131;26.494;26.917;27.393
29.536;28.368;27.346;26.461;25.704;25.069;24.546;24.129;23.812;23.588;23.452;23.399;23.422;23.517;23.679;23.904;24.186;24.523;24.916;25.357
27.32;26.241;25.297;24.478;23.78;23.192;22.71;22.325;22.033;21.826;21.702;21.653;21.676;21.764;21.915;22.123;22.386;22.699;23.063;23.473
25.27;24.273;23.401;22.645;21.999;21.457;21.011;20.656;20.386;20.197;20.082;20.038;20.06;20.142;20.282;20.476;20.719;21.01;21.349;21.729
23.376;22.455;21.648;20.95;20.353;19.852;19.44;19.112;18.863;18.688;18.583;18.542;18.564;18.641;18.771;18.952;19.178;19.448;19.762;20.114
21.624;20.773;20.028;19.382;18.831;18.368;17.988;17.685;17.455;17.294;17.196;17.16;17.179;17.251;17.373;17.541;17.751;18.001;18.293;18.62
108.06;102.72;97.887;93.52;89.59;86.058;82.895;80.074;77.574;75.37;73.502;71.901;70.547;69.416;68.502;67.796;67.292;66.982;66.871;66.975
103.29;98.217;93.635;89.499;85.776;82.431;79.443;76.787;74.432;72.377;70.629;69.13;67.877;66.842;66.01;65.364;64.918;64.656;64.582;64.699
98.643;93.837;89.494;85.578;82.055;78.898;76.075;73.571;71.363;69.452;67.821;66.428;65.263;64.315;63.56;62.992;62.6;62.389;62.36;62.478
94.128;89.576;85.466;81.761;78.431;75.45;72.79;70.436;68.366;66.595;65.075;63.785;62.712;61.84;61.168;60.666;60.337;60.177;60.184;60.308
89.74;85.432;81.543;78.043;74.895;72.089;69.586;67.377;65.446;63.801;62.39;61.201;60.219;59.424;58.822;58.392;58.124;58.021;58.048;58.184
85.495;81.419;77.74;74.428;71.455;68.808;66.46;64.392;62.6;61.069;59.768;58.673;57.779;57.067;56.53;56.162;55.958;55.901;55.951;56.098
81.407;77.554;74.076;70.944;68.133;65.632;63.416;61.48;59.818;58.4;57.2;56.2;55.391;54.756;54.287;53.979;53.835;53.816;53.892;54.047
77.462;73.825;70.539;67.581;64.927;62.568;60.481;58.654;57.105;55.793;54.69;53.784;53.055;52.495;52.094;51.848;51.748;51.76;51.863;52.03
73.653;70.22;67.12;64.332;61.831;59.61;57.645;55.938;54.484;53.254;52.241;51.419;50.769;50.281;49.947;49.763;49.698;49.736;49.861;50.045
69.967;66.731;63.812;61.186;58.837;56.746;54.906;53.316;51.956;50.809;49.859;49.106;48.532;48.113;47.845;47.712;47.684;47.748;47.887;48.088
66.396;63.349;60.602;58.135;55.932;53.976;52.256;50.778;49.511;48.445;47.565;46.866;46.345;45.992;45.785;45.694;45.702;45.791;45.946;46.159
62.944;60.078;57.497;55.183;53.118;51.289;49.689;48.318;47.142;46.16;45.346;44.706;44.231;43.92;43.762;43.71;43.751;43.865;44.039;44.263
59.598;56.906;54.487;52.322;50.394;48.69;47.212;45.937;44.851;43.941;43.2;42.618;42.19;41.916;41.777;41.762;41.831;41.968;42.162;42.401
56.347;53.823;51.559;49.537;47.742;46.166;44.803;43.63;42.633;41.805;41.129;40.598;40.217;39.976;39.854;39.848;39.943;40.103;40.316;40.57
53.193;50.83;48.713;46.828;45.162;43.706;42.452;41.376;40.469;39.721;39.114;38.648;38.316;38.1;37.992;37.992;38.089;38.27;38.501;38.771
50.144;47.933;45.957;44.201;42.654;41.313;40.156;39.174;38.355;37.682;37.149;36.749;36.465;36.285;36.202;36.204;36.291;36.469;36.718;37.004
47.203;45.137;43.294;41.66;40.228;38.988;37.925;37.03;36.291;35.695;35.233;34.89;34.655;34.513;34.457;34.478;34.57;34.733;34.968;35.268
44.381;42.453;40.736;39.217;37.89;36.744;35.767;34.949;34.281;33.753;33.357;33.07;32.881;32.778;32.751;32.793;32.9;33.064;33.289;33.571
41.68;39.883;38.285;36.874;35.647;34.587;33.687;32.941;32.339;31.87;31.524;31.284;31.141;31.077;31.081;31.148;31.27;31.445;31.667;31.938
39.103;37.43;35.943;34.636;33.497;32.517;31.69;31.01;30.465;30.048;29.745;29.545;29.436;29.406;29.444;29.537;29.679;29.866;30.093;30.358
36.653;35.096;33.716;32.503;31.447;30.542;29.78;29.158;28.664;28.289;28.021;27.854;27.775;27.774;27.839;27.958;28.122;28.325;28.561;28.828
34.328;32.882;31.602;30.478;29.499;28.662;27.96;27.39;26.937;26.596;26.36;26.218;26.162;26.183;26.271;26.413;26.6;26.818;27.067;27.34
32.115;30.774;29.587;28.547;27.645;26.875;26.232;25.705;25.288;24.976;24.764;24.642;24.604;24.64;24.743;24.903;25.108;25.347;25.609;25.889
29.705;28.466;27.37;26.409;25.575;24.864;24.271;23.784;23.4;23.113;22.917;22.805;22.771;22.805;22.901;23.05;23.241;23.463;23.706;23.966
27.477;26.331;25.319;24.431;23.661;23.004;22.457;22.007;21.653;21.388;21.208;21.106;21.074;21.107;21.197;21.335;21.513;21.719;21.945;22.186
25.415;24.357;23.421;22.601;21.89;21.284;20.778;20.364;20.036;19.792;19.627;19.533;19.504;19.535;19.619;19.748;19.914;20.105;20.315;20.538
23.509;22.531;21.666;20.908;20.252;19.692;19.225;18.843;18.541;18.316;18.163;18.077;18.052;18.081;18.16;18.28;18.433;18.612;18.805;19.012
21.748;20.844;20.045;19.345;18.738;18.221;17.79;17.436;17.157;16.95;16.809;16.73;16.707;16.735;16.808;16.92;17.063;17.228;17.408;17.6
20.12;19.284;18.546;17.899;17.339;16.862;16.463;16.137;15.879;15.689;15.558;15.485;15.463;15.49;15.558;15.662;15.794;15.947;16.114;16.292
93.195;88.225;83.724;79.648;75.964;72.633;69.626;66.915;64.472;62.28;60.339;58.644;57.244;56.082;55.133;54.365;53.77;53.329;53.025;52.859
89.188;84.468;80.194;76.327;72.828;69.662;66.808;64.236;61.921;59.844;58.003;56.397;55.074;53.971;53.069;52.354;51.802;51.402;51.139;51.005
85.309;80.829;76.773;73.104;69.78;66.781;64.075;61.638;59.448;57.483;55.743;54.234;52.981;51.927;51.07;50.399;49.891;49.526;49.298;49.196
81.553;77.306;73.458;69.975;66.827;63.985;61.423;59.117;57.052;55.193;53.552;52.139;50.951;49.955;49.14;48.496;48.027;47.7;47.504;47.432
77.917;73.89;70.242;66.943;63.962;61.272;58.848;56.672;54.717;52.969;51.424;50.107;48.986;48.05;47.274;46.666;46.216;45.922;45.757;45.713
74.39;70.578;67.124;64.002;61.181;58.64;56.346;54.29;52.453;50.808;49.357;48.129;47.08;46.197;45.476;44.898;44.47;44.194;44.056;44.039
70.977;67.368;64.102;61.147;58.48;56.079;53.915;51.976;50.245;48.705;47.352;46.206;45.228;44.4;43.724;43.183;42.784;42.523;42.403;42.41
67.665;64.255;61.169;58.375;55.857;53.589;51.551;49.73;48.1;46.659;45.403;44.336;43.421;42.654;42.026;41.53;41.154;40.913;40.802;40.826
64.458;61.236;58.321;55.686;53.308;51.17;49.253;47.538;46.015;44.665;43.505;42.507;41.663;40.955;40.373;39.916;39.577;39.356;39.26;39.29
61.353;58.311;55.56;53.074;50.834;48.822;47.016;45.408;43.981;42.723;41.651;40.728;39.946;39.296;38.767;38.351;38.051;37.853;37.771;37.811
58.355;55.486;52.892;50.55;48.438;46.545;44.848;43.338;42.003;40.838;39.843;38.993;38.271;37.677;37.192;36.821;36.554;36.389;36.328;36.38
55.45;52.747;50.304;48.1;46.115;44.336;42.747;41.335;40.088;39.009;38.082;37.293;36.631;36.092;35.661;35.329;35.098;34.965;34.932;34.99
52.635;50.091;47.793;45.721;43.858;42.19;40.703;39.384;38.224;37.231;36.376;35.648;35.042;34.542;34.159;33.873;33.68;33.58;33.574;33.637
49.909;47.517;45.357;43.412;41.664;40.102;38.713;37.485;36.413;35.495;34.71;34.048;33.496;33.049;32.702;32.45;32.296;32.232;32.244;32.315
47.288;45.04;43.01;41.18;39.54;38.074;36.777;35.637;34.65;33.805;33.086;32.484;31.986;31.592;31.29;31.078;30.954;30.913;30.941;31.02
44.774;42.663;40.757;39.04;37.497;36.123;34.907;33.842;32.934;32.159;31.504;30.958;30.515;30.167;29.91;29.739;29.653;29.635;29.67;29.748
42.359;40.379;38.592;36.982;35.538;34.252;33.114;32.122;31.275;30.556;29.961;29.471;29.077;28.777;28.563;28.431;28.377;28.38;28.431;28.516
40.03;38.177;36.504;34.999;33.65;32.45;31.389;30.472;29.684;29.017;28.463;28.02;27.675;27.42;27.246;27.154;27.123;27.146;27.209;27.306
37.783;36.05;34.487;33.083;31.825;30.709;29.726;28.88;28.153;27.537;27.027;26.62;26.311;26.094;25.962;25.899;25.892;25.932;26.008;26.114
35.61;33.991;32.534;31.227;30.059;29.025;28.123;27.344;26.674;26.112;25.647;25.275;24.994;24.807;24.707;24.667;24.682;24.737;24.827;24.943
33.506;31.997;30.641;29.427;28.347;27.394;26.567;25.853;25.244;24.733;24.312;23.98;23.732;23.569;23.481;23.464;23.494;23.563;23.665;23.792
31.469;30.064;28.805;27.682;26.684;25.812;25.055;24.404;23.855;23.395;23.02;22.727;22.514;22.373;22.299;22.287;22.331;22.415;22.526;22.662
29.5;28.195;27.028;25.989;25.072;24.273;23.584;22.996;22.502;22.094;21.764;21.513;21.333;21.215;21.155;21.149;21.194;21.288;21.412;21.556
27.284;26.078;24.999;24.04;23.193;22.456;21.818;21.275;20.82;20.443;20.139;19.909;19.743;19.635;19.581;19.576;19.618;19.706;19.822;19.957
25.235;24.12;23.124;22.237;21.454;20.773;20.185;19.684;19.263;18.916;18.637;18.424;18.272;18.172;18.123;18.119;18.159;18.241;18.35;18.475
23.339;22.309;21.389;20.569;19.846;19.217;18.675;18.211;17.823;17.502;17.246;17.05;16.911;16.819;16.774;16.772;16.809;16.886;16.987;17.104
21.588;20.636;19.784;19.027;18.359;17.777;17.277;16.849;16.491;16.195;15.959;15.779;15.651;15.567;15.526;15.524;15.56;15.631;15.726;15.835
19.969;19.09;18.304;17.604;16.987;16.451;15.987;15.592;15.261;14.988;14.769;14.603;14.485;14.408;14.371;14.37;14.403;14.47;14.558;14.66
18.474;17.661;16.934;16.288;15.718;15.223;14.795;14.43;14.125;13.873;13.672;13.519;13.409;13.337;13.302;13.301;13.333;13.395;13.478;13.573
79.848;75.254;71.106;67.364;63.987;60.937;58.18;55.687;53.417;51.366;49.524;47.882;46.436;45.199;44.207;43.372;42.671;42.097;41.618;41.223
76.334;71.974;68.035;64.481;61.274;58.377;55.759;53.393;51.241;49.298;47.553;46.001;44.64;43.486;42.555;41.772;41.126;40.591;40.16;39.808
72.943;68.806;65.071;61.694;58.649;55.898;53.414;51.171;49.132;47.292;45.643;44.177;42.894;41.82;40.94;40.21;39.611;39.123;38.728;38.417
69.673;65.747;62.202;59.005;56.111;53.502;51.145;49.019;47.088;45.348;43.79;42.408;41.2;40.2;39.374;38.69;38.133;37.684;37.328;37.055
66.521;62.802;59.44;56.403;53.66;51.184;48.95;46.935;45.108;43.463;41.993;40.691;39.557;38.627;37.852;37.214;36.694;36.279;35.96;35.72
63.492;59.97;56.785;53.905;51.301;48.95;46.828;44.918;43.19;41.637;40.25;39.026;37.962;37.095;36.375;35.772;35.296;34.912;34.621;34.414
60.576;57.243;54.224;51.499;49.03;46.801;44.788;42.974;41.336;39.868;38.562;37.411;36.419;35.609;34.932;34.372;33.926;33.578;33.316;33.137
57.771;54.617;51.761;49.178;46.842;44.731;42.824;41.105;39.552;38.16;36.926;35.845;34.924;34.168;33.534;33.015;32.602;32.281;32.047;31.888
55.08;52.098;49.398;46.952;44.742;42.742;40.936;39.306;37.837;36.519;35.35;34.329;33.473;32.765;32.174;31.694;31.31;31.014;30.804;30.67
52.489;49.671;47.119;44.811;42.719;40.83;39.122;37.583;36.193;34.945;33.836;32.869;32.068;31.402;30.851;30.406;30.051;29.783;29.596;29.484
49.99;47.331;44.921;42.74;40.767;38.984;37.373;35.92;34.61;33.433;32.388;31.475;30.713;30.082;29.569;29.154;28.831;28.587;28.422;28.328
47.583;45.075;42.801;40.743;38.882;37.2;35.681;34.312;33.08;31.973;30.991;30.136;29.422;28.824;28.33;27.94;27.642;27.425;27.281;27.206
45.259;42.895;40.753;38.813;37.059;35.475;34.045;32.758;31.602;30.563;29.642;28.847;28.177;27.616;27.149;26.776;26.5;26.296;26.173;26.116
43.016;40.79;38.773;36.949;35.297;33.807;32.463;31.255;30.171;29.199;28.338;27.601;26.976;26.446;26.009;25.659;25.397;25.215;25.103;25.058
40.854;38.759;36.862;35.143;33.592;32.192;30.931;29.799;28.784;27.878;27.076;26.394;25.813;25.321;24.912;24.586;24.339;24.169;24.076;24.044
38.769;36.799;35.016;33.402;31.945;30.632;29.45;28.389;27.44;26.598;25.856;25.225;24.684;24.228;23.85;23.55;23.32;23.162;23.079;23.064
36.755;34.906;33.232;31.718;30.352;29.121;28.015;27.024;26.14;25.356;24.674;24.091;23.59;23.17;22.824;22.548;22.338;22.195;22.119;22.114
34.811;33.076;31.507;30.089;28.81;27.657;26.624;25.701;24.879;24.153;23.527;22.99;22.529;22.142;21.827;21.577;21.39;21.262;21.198;21.198
32.935;31.31;29.84;28.513;27.316;26.24;25.276;24.419;23.655;22.985;22.412;21.919;21.501;21.15;20.862;20.635;20.471;20.362;20.311;20.321
31.123;29.602;28.227;26.986;25.869;24.866;23.97;23.172;22.466;21.853;21.327;20.878;20.497;20.18;19.924;19.726;19.582;19.49;19.456;19.476
29.373;27.952;26.668;25.51;24.467;23.534;22.702;21.964;21.313;20.753;20.273;19.863;19.52;19.236;19.012;18.841;18.72;18.651;18.631;18.654
27.685;26.359;25.161;24.082;23.111;22.245;21.473;20.791;20.194;19.684;19.247;18.876;18.567;18.318;18.122;17.978;17.883;17.835;17.831;17.858
26.068;24.831;23.713;22.706;21.802;20.996;20.282;19.653;19.111;18.645;18.249;17.916;17.642;17.422;17.255;17.137;17.066;17.041;17.047;17.081
24.106;22.963;21.93;20.999;20.164;19.419;18.761;18.181;17.679;17.25;16.884;16.577;16.325;16.123;15.969;15.861;15.797;15.776;15.783;15.815
22.292;21.235;20.281;19.421;18.65;17.962;17.353;16.817;16.354;15.958;15.621;15.339;15.106;14.921;14.78;14.681;14.623;14.605;14.613;14.644
20.616;19.639;18.757;17.962;17.249;16.614;16.051;15.557;15.129;14.764;14.453;14.192;13.978;13.807;13.678;13.588;13.537;13.521;13.53;13.559
19.068;18.165;17.35;16.616;15.958;15.37;14.85;14.393;13.998;13.66;13.372;13.132;12.935;12.778;12.66;12.578;12.531;12.517;12.527;12.555
17.636;16.802;16.049;15.371;14.763;14.22;13.741;13.319;12.954;12.643;12.377;12.154;11.972;11.826;11.717;11.642;11.6;11.588;11.598;11.625
16.313;15.542;14.846;14.219;13.658;13.157;12.715;12.324;11.988;11.7;11.456;11.251;11.084;10.95;10.85;10.78;10.741;10.729;10.738;10.764
68.423;64.175;60.353;56.903;53.793;50.98;48.429;46.106;43.986;42.053;40.297;38.69;37.23;35.92;34.764;33.824;33.03;32.341;31.742;31.215
65.382;61.348;57.72;54.45;51.493;48.823;46.403;44.2;42.189;40.357;38.693;37.178;35.806;34.578;33.499;32.625;31.888;31.237;30.673;30.177
62.439;58.616;55.175;52.068;49.268;46.735;44.44;42.353;40.447;38.712;37.137;35.709;34.419;33.268;32.261;31.457;30.762;30.157;29.632;29.169
59.601;55.978;52.716;49.77;47.115;44.715;42.54;40.562;38.758;37.116;35.626;34.281;33.069;31.991;31.059;30.308;29.663;29.102;28.611;28.185
56.864;53.432;50.341;47.55;45.035;42.76;40.701;38.828;37.12;35.568;34.16;32.892;31.756;30.747;29.885;29.182;28.583;28.062;27.611;27.216
54.224;50.975;48.045;45.405;43.023;40.87;38.921;37.15;35.534;34.067;32.739;31.544;30.478;29.536;28.739;28.085;27.525;27.049;26.632;26.27
51.687;48.613;45.84;43.341;41.086;39.047;37.201;35.525;33.999;32.613;31.36;30.234;29.235;28.356;27.619;27.008;26.49;26.046;25.667;25.333
49.244;46.337;43.715;41.352;39.218;37.29;35.546;33.962;32.519;31.209;30.025;28.964;28.027;27.204;26.527;25.958;25.478;25.067;24.721;24.422
46.892;44.146;41.667;39.433;37.417;35.594;33.946;32.451;31.089;29.854;28.738;27.738;26.854;26.082;25.457;24.934;24.486;24.11;23.79;23.523
44.629;42.036;39.695;37.584;35.679;33.958;32.4;30.99;29.705;28.541;27.492;26.553;25.722;25.003;24.421;23.931;23.516;23.171;22.883;22.641
42.451;40.004;37.797;35.802;34.003;32.377;30.908;29.578;28.367;27.271;26.285;25.404;24.627;23.961;23.419;22.965;22.58;22.256;21.994;21.779
40.357;38.049;35.965;34.085;32.388;30.854;29.468;28.215;27.074;26.044;25.117;24.292;23.565;22.947;22.444;22.025;21.669;21.376;21.132;20.933
38.344;36.17;34.205;32.433;30.832;29.386;28.079;26.899;25.826;24.858;23.989;23.216;22.537;21.968;21.5;21.108;20.782;20.515;20.297;20.121
36.413;34.366;32.516;30.846;29.335;27.972;26.741;25.63;24.621;23.712;22.898;22.175;21.542;21.019;20.584;20.22;19.918;19.676;19.481;19.327
34.564;32.638;30.896;29.322;27.898;26.614;25.454;24.409;23.461;22.607;21.844;21.169;20.58;20.097;19.691;19.356;19.08;18.858;18.686;18.553
32.794;30.983;29.344;27.862;26.523;25.312;24.219;23.233;22.343;21.543;20.829;20.198;19.651;19.205;18.832;18.521;18.266;18.065;17.911;17.797
31.1;29.399;27.858;26.466;25.205;24.066;23.036;22.108;21.27;20.518;19.85;19.263;18.759;18.343;17.995;17.707;17.477;17.294;17.157;17.059
29.477;27.88;26.434;25.124;23.941;22.87;21.903;21.031;20.244;19.536;18.908;18.36;17.896;17.511;17.19;16.924;16.712;16.547;16.426;16.343
27.922;26.424;25.066;23.838;22.728;21.724;20.816;19.997;19.26;18.597;18.008;17.492;17.063;16.707;16.411;16.167;15.974;15.822;15.717;15.648
26.43;25.025;23.753;22.603;21.562;20.621;19.771;19.005;18.315;17.695;17.145;16.663;16.264;15.929;15.657;15.435;15.26;15.126;15.032;14.973
24.996;23.683;22.492;21.415;20.441;19.56;18.766;18.05;17.408;16.83;16.316;15.871;15.498;15.185;14.929;14.725;14.567;14.449;14.368;14.324
23.622;22.393;21.28;20.273;19.362;18.54;17.798;17.131;16.532;15.996;15.52;15.109;14.763;14.471;14.23;14.04;13.896;13.794;13.727;13.694
22.302;21.154;20.114;19.174;18.325;17.557;16.866;16.245;15.688;15.192;14.751;14.376;14.056;13.786;13.563;13.384;13.249;13.159;13.105;13.083
20.621;19.56;18.6;17.731;16.946;16.237;15.599;15.026;14.512;14.054;13.647;13.302;13.007;12.757;12.551;12.388;12.265;12.182;12.133;12.115
19.068;18.088;17.2;16.397;15.671;15.017;14.428;13.898;13.423;13.001;12.626;12.306;12.035;11.806;11.617;11.467;11.353;11.278;11.234;11.219
17.634;16.728;15.909;15.166;14.496;13.892;13.348;12.857;12.419;12.028;11.682;11.387;11.136;10.925;10.751;10.612;10.51;10.441;10.402;10.389
16.308;15.471;14.714;14.029;13.409;12.851;12.349;11.896;11.491;11.131;10.812;10.54;10.308;10.113;9.9507;9.8229;9.7287;9.6657;9.6309;9.6204
15.082;14.308;13.609;12.975;12.404;11.888;11.424;11.007;10.633;10.302;10.007;9.7565;9.5438;9.363;9.2148;9.0973;9.0091;8.9506;8.9175;8.9088
13.948;13.233;12.587;12.002;11.474;10.998;10.569;10.184;9.84;9.5344;9.2627;9.0316;8.8351;8.6703;8.5332;8.4251;8.3457;8.2924;8.2629;8.2541
58.26;54.342;50.824;47.66;44.807;42.229;39.89;37.754;35.799;34.004;32.321;30.751;29.296;27.977;26.799;25.763;24.913;24.205;23.558;22.955
55.658;51.941;48.605;45.596;42.887;40.436;38.214;36.185;34.329;32.627;31.035;29.549;28.176;26.93;25.822;24.849;24.062;23.397;22.797;22.237
53.151;49.624;46.456;43.604;41.032;38.708;36.593;34.668;32.906;31.292;29.788;28.383;27.088;25.911;24.869;23.958;23.224;22.605;22.045;21.529
50.724;47.385;44.382;41.678;39.241;37.033;35.029;33.201;31.529;30;28.579;27.253;26.031;24.92;23.941;23.089;22.406;21.825;21.301;20.82
48.39;45.228;42.386;39.822;37.512;35.416;33.516;31.783;30.199;28.749;27.407;26.157;25.006;23.958;23.036;22.235;21.606;21.061;20.569;20.124
46.138;43.145;40.453;38.028;35.84;33.856;32.057;30.416;28.915;27.542;26.273;25.093;24.01;23.025;22.155;21.405;20.819;20.308;19.851;19.436
43.966;41.135;38.59;36.293;34.224;32.346;30.645;29.093;27.674;26.376;25.181;24.066;23.044;22.117;21.298;20.603;20.052;19.574;19.149;18.762
41.872;39.196;36.789;34.619;32.661;30.887;29.278;27.812;26.471;25.245;24.12;23.073;22.112;21.243;20.47;19.821;19.3;18.855;18.457;18.099
39.857;37.327;35.053;33.004;31.153;29.476;27.956;26.571;25.304;24.148;23.09;22.108;21.209;20.395;19.673;19.069;18.577;18.15;17.782;17.451
37.912;35.525;33.378;31.442;29.694;28.112;26.678;25.371;24.176;23.086;22.091;21.172;20.331;19.572;18.899;18.339;17.877;17.477;17.126;16.816
36.041;33.79;31.763;29.939;28.29;26.796;25.443;24.211;23.085;22.058;21.122;20.262;19.478;18.771;18.146;17.63;17.198;16.823;16.492;16.203
34.242;32.12;30.21;28.487;26.932;25.526;24.252;23.091;22.03;21.063;20.184;19.38;18.649;17.992;17.412;16.939;16.536;16.185;15.878;15.608
32.514;30.515;28.716;27.092;25.628;24.304;23.103;22.01;21.011;20.102;19.276;18.525;17.843;17.234;16.697;16.264;15.891;15.565;15.282;15.03
30.853;28.972;27.279;25.75;24.372;23.126;21.996;20.968;20.03;19.175;18.398;17.696;17.062;16.496;16.003;15.604;15.26;14.961;14.697;14.466
29.258;27.49;25.895;24.459;23.163;21.991;20.929;19.964;19.082;18.28;17.552;16.896;16.305;15.779;15.328;14.96;14.644;14.369;14.128;13.914
27.728;26.066;24.568;23.218;22;20.898;19.901;18.995;18.168;17.416;16.735;16.121;15.573;15.086;14.673;14.333;14.041;13.79;13.571;13.376
26.261;24.7;23.293;22.026;20.881;19.847;18.911;18.062;17.286;16.582;15.945;15.372;14.863;14.413;14.036;13.723;13.454;13.224;13.024;12.851
24.854;23.391;22.07;20.88;19.807;18.836;17.958;17.163;16.436;15.778;15.182;14.648;14.175;13.76;13.416;13.131;12.883;12.674;12.492;12.335
23.507;22.136;20.898;19.782;18.775;17.866;17.042;16.297;15.618;15.002;14.447;13.949;13.509;13.126;12.814;12.552;12.327;12.136;11.974;11.834
22.218;20.933;19.773;18.728;17.785;16.932;16.162;15.465;14.83;14.255;13.737;13.274;12.865;12.514;12.229;11.987;11.783;11.612;11.467;11.344
20.984;19.782;18.697;17.718;16.834;16.037;15.316;14.664;14.072;13.536;13.053;12.623;12.245;11.922;11.659;11.44;11.255;11.1;10.973;10.865
19.805;18.681;17.666;16.751;15.924;15.177;14.504;13.895;13.342;12.843;12.395;11.996;11.646;11.352;11.11;10.906;10.739;10.603;10.488;10.396
18.678;17.629;16.681;15.825;15.052;14.355;13.725;13.156;12.641;12.177;11.761;11.392;11.069;10.801;10.578;10.393;10.239;10.115;10.015;9.9373
17.27;16.301;15.424;14.634;13.92;13.275;12.693;12.168;11.693;11.264;10.88;10.54;10.242;9.9947;9.79;9.6196;9.4781;9.3647;9.2737;9.2021
15.97;15.074;14.265;13.534;12.875;12.28;11.742;11.257;10.818;10.422;10.067;9.7521;9.4771;9.2485;9.06;8.9033;8.7739;8.6699;8.5872;8.5218
14.768;13.94;13.192;12.517;11.908;11.359;10.863;10.415;10.01;9.6445;9.3173;9.027;8.7731;8.5622;8.3868;8.2416;8.1217;8.0268;7.9513;7.8926
13.656;12.891;12.2;11.577;11.015;10.507;10.049;9.6356;9.2623;8.9251;8.6235;8.356;8.1221;7.9279;7.7675;7.633;7.5234;7.4336;7.363;7.3086
12.628;11.921;11.283;10.707;10.188;9.7192;9.2963;8.9148;8.5705;8.2596;7.9814;7.7348;7.5194;7.3403;7.1926;7.07;6.969;6.8877;6.8231;6.7732
11.677;11.025;10.435;9.9032;9.4234;8.9906;8.6001;8.2479;7.9304;7.6437;7.3872;7.16;6.9615;6.797;6.6615;6.5487;6.4557;6.3814;6.3231;6.2779
49.339;45.746;42.532;39.65;37.057;34.721;32.607;30.651;28.836;27.135;25.528;24.014;22.606;21.294;20.078;18.935;17.894;17.006;16.232;15.476
47.113;43.703;40.654;37.917;35.455;33.237;31.23;29.375;27.656;26.048;24.528;23.097;21.768;20.533;19.393;18.328;17.362;16.545;15.828;15.131
44.964;41.733;38.841;36.243;33.907;31.802;29.896;28.137;26.51;24.991;23.554;22.201;20.947;19.785;18.715;17.726;16.827;16.078;15.414;14.77
42.895;39.831;37.089;34.625;32.412;30.414;28.606;26.94;25.401;23.965;22.606;21.329;20.144;19.051;18.047;17.128;16.295;15.606;14.992;14.397
40.895;37.995;35.398;33.064;30.966;29.072;27.357;25.781;24.326;22.97;21.687;20.482;19.363;18.331;17.389;16.536;15.764;15.132;14.564;14.015
38.969;36.225;33.767;31.558;29.569;27.775;26.15;24.658;23.282;22.004;20.793;19.657;18.602;17.634;16.748;15.949;15.236;14.657;14.131;13.626
37.115;34.519;32.193;30.104;28.22;26.522;24.983;23.572;22.272;21.066;19.924;18.854;17.86;16.952;16.122;15.375;14.716;14.182;13.697;13.23
35.329;32.876;30.677;28.699;26.919;25.311;23.854;22.52;21.292;20.156;19.081;18.073;17.138;16.285;15.509;14.814;14.207;13.716;13.264;12.832
33.609;31.294;29.216;27.347;25.662;24.145;22.765;21.504;20.344;19.275;18.262;17.315;16.435;15.636;14.91;14.262;13.706;13.25;12.835;12.436
31.958;29.771;27.81;26.043;24.452;23.018;21.714;20.523;19.429;18.422;17.469;16.579;15.751;15.003;14.325;13.722;13.209;12.788;12.405;12.041
30.371;28.308;26.455;24.79;23.288;21.933;20.7;19.576;18.544;17.596;16.702;15.866;15.089;14.387;13.754;13.193;12.722;12.334;11.978;11.643
28.847;26.903;25.158;23.585;22.168;20.889;19.725;18.664;17.692;16.798;15.959;15.175;14.447;13.787;13.197;12.675;12.243;11.883;11.555;11.248
27.386;25.553;23.908;22.426;21.091;19.885;18.787;17.787;16.871;16.03;15.242;14.506;13.824;13.206;12.655;12.17;11.774;11.44;11.14;10.855
25.981;24.258;22.709;21.314;20.056;18.917;17.884;16.942;16.079;15.288;14.551;13.861;13.224;12.643;12.129;11.678;11.315;11.005;10.726;10.467
24.633;23.013;21.557;20.244;19.061;17.989;17.016;16.128;15.317;14.573;13.883;13.238;12.643;12.1;11.62;11.201;10.865;10.579;10.323;10.083
23.338;21.816;20.448;19.213;18.102;17.094;16.18;15.346;14.583;13.885;13.239;12.636;12.081;11.575;11.128;10.739;10.43;10.163;9.9256;9.7067
22.094;20.666;19.381;18.223;17.179;16.233;15.375;14.592;13.876;13.221;12.617;12.054;11.537;11.067;10.65;10.291;10.009;9.7611;9.5379;9.3347
20.902;19.562;18.357;17.271;16.292;15.403;14.599;13.865;13.194;12.581;12.018;11.493;11.012;10.575;10.187;9.8594;9.5947;9.3674;9.1618;8.9756
19.759;18.503;17.374;16.356;15.438;14.606;13.852;13.165;12.537;11.963;11.439;10.951;10.504;10.099;9.7399;9.4385;9.1947;8.9828;8.7938;8.6245
18.663;17.487;16.43;15.478;14.617;13.839;13.134;12.491;11.904;11.368;10.879;10.426;10.013;9.639;9.3073;9.0312;8.8042;8.6074;8.4354;8.279
17.614;16.515;15.526;14.635;13.83;13.102;12.443;11.842;11.294;10.794;10.338;9.9192;9.5372;9.1929;8.8882;8.6366;8.4273;8.2434;8.0843;7.9422
16.611;15.584;14.66;13.826;13.074;12.395;11.779;11.218;10.707;10.24;9.8162;9.4288;9.0765;8.7602;8.481;8.2528;8.06;7.8908;7.743;7.6127
15.654;14.695;13.832;13.054;12.352;11.717;11.142;10.619;10.142;9.7075;9.313;8.9552;8.6307;8.34;8.0848;7.8788;7.7021;7.5487;7.4136;7.294
14.473;13.588;12.791;12.072;11.424;10.838;10.307;9.824;9.3833;8.982;8.6173;8.2865;7.9865;7.7179;7.4827;7.293;7.1305;6.9886;6.8644;6.7547
13.383;12.564;11.828;11.164;10.565;10.024;9.534;9.0885;8.6818;8.3116;7.9752;7.6703;7.3939;7.1462;6.9286;6.7527;6.6016;6.4709;6.3569;6.2571
12.374;11.618;10.938;10.324;9.7716;9.2719;8.8193;8.4081;8.0328;7.6913;7.381;7.1;6.8454;6.6173;6.4173;6.2559;6.1181;5.996;5.8896;5.7953
11.441;10.742;10.115;9.548;9.0374;8.576;8.1582;7.7787;7.4324;7.1173;6.8311;6.5721;6.3376;6.1276;5.9435;5.7955;5.6686;5.5574;5.4607;5.374
10.579;9.9332;9.3532;8.83;8.3585;7.9325;7.5467;7.1965;6.877;6.5862;6.3222;6.0835;5.8674;5.6741;5.5048;5.3689;5.2529;5.1508;5.0619;4.9834
9.7811;9.185;8.6492;8.1667;7.7306;7.3372;6.981;6.6578;6.363;6.0947;5.8513;5.6313;5.4322;5.2542;5.0985;4.9737;4.8668;4.7737;4.6931;4.6211
41.139;37.863;34.946;32.336;29.992;27.88;25.959;24.146;22.441;20.827;19.286;17.819;16.417;15.036;13.688;12.401;11.201;10.098;9.1328;8.2958
39.323;36.216;33.447;30.967;28.742;26.737;24.915;23.198;21.582;20.053;18.594;17.208;15.885;14.59;13.326;12.118;10.995;9.9637;9.0702;8.2846
37.564;34.618;31.99;29.637;27.525;25.624;23.896;22.27;20.741;19.296;17.918;16.608;15.36;14.145;12.961;11.829;10.777;9.8159;8.9892;8.2533
35.86;33.067;30.576;28.345;26.342;24.539;22.903;21.364;19.918;18.552;17.253;16.018;14.842;13.704;12.596;11.536;10.552;9.6557;8.8917;8.203
34.211;31.566;29.205;27.092;25.193;23.485;21.935;20.479;19.114;17.824;16.598;15.435;14.329;13.266;12.23;11.241;10.32;9.4852;8.7785;8.1346
32.617;30.112;27.877;25.875;24.078;22.459;20.993;19.617;18.327;17.11;15.956;14.86;13.822;12.829;11.861;10.94;10.082;9.3077;8.6535;8.0498
31.076;28.707;26.593;24.699;22.996;21.464;20.077;18.777;17.56;16.412;15.325;14.295;13.32;12.394;11.493;10.635;9.8385;9.1196;8.5184;7.9542
29.587;27.348;25.349;23.557;21.948;20.499;19.187;17.96;16.813;15.731;14.708;13.739;12.825;11.962;11.123;10.328;9.589;8.922;8.3692;7.8454
28.15;26.036;24.147;22.453;20.932;19.563;18.323;17.166;16.085;15.067;14.104;13.194;12.338;11.531;10.753;10.017;9.3337;8.7174;8.2104;7.7225
26.765;24.77;22.987;21.388;19.951;18.657;17.486;16.394;15.378;14.42;13.515;12.66;11.858;11.104;10.384;9.7026;9.0727;8.5113;8.0385;7.5869
25.431;23.549;21.866;20.357;19.002;17.781;16.676;15.648;14.692;13.791;12.94;12.138;11.386;10.682;10.016;9.3863;8.8065;8.2958;7.861;7.44
24.146;22.373;20.787;19.365;18.086;16.935;15.892;14.925;14.026;13.182;12.383;11.629;10.925;10.267;9.6504;9.0686;8.5357;8.0725;7.6732;7.2856
22.91;21.24;19.747;18.407;17.202;16.117;15.134;14.225;13.381;12.589;11.84;11.133;10.475;9.8605;9.2888;8.7513;8.2614;7.8416;7.4762;7.1205
21.722;20.151;18.746;17.483;16.35;15.328;14.403;13.548;12.756;12.014;11.312;10.651;10.035;9.4629;8.9333;8.4373;7.9854;7.6048;7.2707;6.946
20.581;19.104;17.783;16.596;15.529;14.567;13.696;12.894;12.151;11.457;10.799;10.181;9.6058;9.0727;8.5812;8.1267;7.7129;7.3658;7.0585;6.7623
19.485;18.098;16.857;15.742;14.738;13.834;13.015;12.262;11.566;10.916;10.302;9.7236;9.1865;8.6906;8.2349;7.8184;7.4399;7.1262;6.8449;6.5719
18.435;17.133;15.968;14.921;13.978;13.129;12.359;11.653;11;10.394;9.819;9.2795;8.7782;8.3172;7.8948;7.5127;7.1672;6.8842;6.6279;6.3786
17.429;16.208;15.115;14.133;13.248;12.45;11.728;11.065;10.454;9.8882;9.3517;8.8484;8.3809;7.9526;7.5616;7.2092;6.8958;6.6407;6.4068;6.1804
16.466;15.323;14.298;13.377;12.547;11.799;11.121;10.5;9.9284;9.4002;8.8997;8.4308;7.9949;7.5975;7.2356;6.911;6.6269;6.3963;6.1834;5.9781
15.544;14.474;13.515;12.651;11.874;11.173;10.538;9.9565;9.4217;8.9291;8.4627;8.0265;7.6203;7.2519;6.9173;6.6182;6.3607;6.1521;5.9588;5.7731
14.664;13.663;12.765;11.957;11.23;10.573;9.9777;9.4337;8.9345;8.4751;8.0413;7.6354;7.258;6.9159;6.6067;6.3317;6.0985;5.9078;5.7329;5.5662
13.824;12.889;12.05;11.294;10.614;9.9994;9.4422;8.9338;8.4674;8.0386;7.6355;7.2577;6.9075;6.5899;6.3046;6.0519;5.8408;5.6665;5.5068;5.3573
13.022;12.149;11.366;10.661;10.024;9.4504;8.9296;8.4544;8.0192;7.6198;7.246;6.8958;6.5708;6.2746;6.0111;5.7792;5.589;5.4283;5.2835;5.1484
12.04;11.234;10.51;9.8591;9.2715;8.741;8.2601;7.8214;7.4197;7.0512;6.7069;6.384;6.0846;5.8116;5.5682;5.3533;5.176;5.0272;4.8937;4.7693
11.132;10.387;9.7188;9.1168;8.5748;8.0855;7.6408;7.2359;6.8652;6.5251;6.2078;5.9103;5.6344;5.3827;5.1585;4.9607;4.7976;4.6613;4.5374;4.4201
10.293;9.6047;8.9874;8.4311;7.9305;7.4787;7.068;6.6942;6.3521;6.0383;5.7459;5.4716;5.2174;4.9854;4.779;4.5969;4.4475;4.3213;4.208;4.1006
9.5167;8.881;8.3108;7.7969;7.3346;6.9167;6.5381;6.1932;5.8774;5.5878;5.3184;5.0654;4.8313;4.6174;4.4273;4.2597;4.1219;4.0066;3.9021;3.8042
8.7992;8.2119;7.6849;7.2105;6.7835;6.398;6.048;5.7296;5.4381;5.171;4.9226;4.6895;4.4737;4.2765;4.1015;3.9473;3.8207;3.7148;3.6189;3.5293
8.1358;7.5933;7.1066;6.6682;6.2738;5.9174;5.5946;5.3007;5.0317;4.7852;4.5563;4.3414;4.1425;3.9607;3.7995;3.6577;3.5415;3.4443;3.3563;3.2742
33.099;30.174;27.579;25.267;23.188;21.304;19.568;17.933;16.381;14.873;13.43;12.035;10.619;9.2099;7.8534;6.5382;5.2518;4.0255;2.8938;1.8986
31.688;28.909;26.444;24.246;22.268;20.478;18.83;17.278;15.801;14.376;13.008;11.686;10.352;9.025;7.7425;6.5022;5.2947;4.1449;3.0812;2.155
30.319;27.681;25.339;23.25;21.372;19.673;18.11;16.636;15.236;13.887;12.59;11.341;10.085;8.8292;7.6226;6.4544;5.3243;4.2472;3.2506;2.3898
28.993;26.49;24.267;22.283;20.5;18.888;17.406;16.008;14.681;13.404;12.178;10.997;9.8164;8.6367;7.4951;6.3971;5.3405;4.3323;3.4041;2.6025
27.708;25.335;23.226;21.343;19.652;18.123;16.718;15.393;14.137;12.93;11.77;10.655;9.546;8.4371;7.3617;6.33;5.3431;4.401;3.5357;2.7943
26.463;24.215;22.216;20.431;18.827;17.378;16.048;14.792;13.603;12.463;11.368;10.316;9.2752;8.234;7.2218;6.2531;5.3313;4.453;3.6467;2.9611
25.257;23.128;21.235;19.543;18.024;16.652;15.394;14.206;13.082;12.005;10.971;9.9794;9.0039;8.0272;7.0752;6.166;5.3064;4.4888;3.7394;3.1046
24.09;22.076;20.283;18.682;17.243;15.945;14.756;13.633;12.571;11.556;10.581;9.6464;8.7323;7.8152;6.9236;6.0727;5.2668;4.509;3.8133;3.227
22.961;21.056;19.361;17.847;16.486;15.259;14.135;13.074;12.071;11.115;10.197;9.3171;8.4611;7.6044;6.7668;5.9711;5.218;4.5145;3.8697;3.3286
21.868;20.07;18.468;17.036;15.75;14.591;13.531;12.53;11.584;10.683;9.8183;8.9913;8.1905;7.3874;6.6055;5.8621;5.1595;4.508;3.9104;3.4105
20.812;19.115;17.602;16.25;15.036;13.942;12.942;11.999;11.108;10.26;9.4478;8.6711;7.9216;7.1717;6.4398;5.7459;5.0915;4.4866;3.9359;3.4747
19.792;18.191;16.764;15.488;14.343;13.31;12.369;11.481;10.642;9.8457;9.0834;8.3548;7.654;6.9555;6.2732;5.6241;5.0147;4.4532;3.9501;3.5216
18.806;17.297;15.953;14.75;13.67;12.697;11.811;10.975;10.187;9.4396;8.7248;8.0426;7.3891;6.7388;6.1044;5.4993;4.932;4.4093;3.9482;3.5529
17.854;16.434;15.168;14.035;13.018;12.102;11.269;10.483;9.7431;9.0418;8.3724;7.7341;7.1232;6.5207;5.9322;5.3697;4.8442;4.3596;3.9336;3.5671
16.936;15.6;14.409;13.343;12.386;11.525;10.742;10.004;9.3097;8.6529;8.0262;7.4295;6.8597;6.3019;5.7565;5.2349;4.749;4.3012;3.912;3.5693
16.051;14.796;13.676;12.674;11.774;10.964;10.23;9.5376;8.8874;8.2721;7.6866;7.1294;6.5985;6.0822;5.5784;5.0953;4.6463;4.2344;3.8794;3.5617
15.198;14.02;12.968;12.027;11.182;10.421;9.7321;9.0837;8.4754;7.9001;7.3534;6.834;6.3397;5.863;5.3978;4.953;4.5377;4.1595;3.8363;3.5426
14.378;13.272;12.286;11.403;10.61;9.8958;9.2497;8.6428;8.0741;7.5369;7.027;6.5432;6.0841;5.6445;5.2155;4.8058;4.4234;4.077;3.7834;3.5125
13.59;12.554;11.629;10.801;10.058;9.3886;8.7825;8.2147;7.6837;7.1826;6.7076;6.2578;5.8317;5.4265;5.0311;4.6552;4.3044;3.9876;3.7215;3.4722
12.832;11.863;10.997;10.222;9.5255;8.8988;8.3318;7.802;7.3061;6.839;6.3965;5.9775;5.5823;5.2089;4.846;4.5017;4.1815;3.8916;3.65;3.4225
12.105;11.199;10.39;9.6634;9.0126;8.4263;7.8959;7.4021;6.9409;6.5062;6.0944;5.7048;5.3381;4.9923;4.6601;4.3457;4.0541;3.7913;3.5732;3.364
11.409;10.563;9.8068;9.128;8.5193;7.9712;7.4755;7.0156;6.5863;6.1825;5.8001;5.4383;5.099;4.7801;4.4772;4.1893;3.923;3.6877;3.489;3.2974
10.743;9.9533;9.2475;8.6147;8.0459;7.5341;7.0711;6.6425;6.2433;5.8682;5.5134;5.1782;4.8648;4.5707;4.2946;4.0327;3.7918;3.5805;3.3988;3.2243
9.9321;9.2026;8.5505;7.9654;7.4407;6.968;6.5404;6.145;5.7768;5.4308;5.1033;4.7942;4.5051;4.2338;3.9795;3.7383;3.5164;3.322;3.155;2.9928
9.1827;8.5085;7.9061;7.3656;6.881;6.4444;6.0496;5.6847;5.3448;5.0257;4.7238;4.4385;4.1719;3.9218;3.6875;3.4654;3.261;3.0822;2.9287;2.7797
8.4897;7.8668;7.3104;6.8111;6.3629;5.9601;5.5956;5.2589;4.9452;4.6509;4.3723;4.1093;3.8634;3.6328;3.417;3.2123;3.0242;2.8597;2.7186;2.5817
7.849;7.2735;6.7595;6.2989;5.8847;5.5123;5.1756;4.8649;4.5755;4.3039;4.047;3.8044;3.5777;3.3649;3.1663;2.9777;2.8045;2.6532;2.5235;2.3977
7.2566;6.7249;6.2501;5.8246;5.442;5.0981;4.7872;4.5005;4.2333;3.9828;3.7458;3.5221;3.313;3.1169;2.9339;2.7602;2.6007;2.4616;2.3424;2.2268
6.709;6.2178;5.7791;5.3861;5.0327;4.715;4.4279;4.1634;3.9168;3.6857;3.4671;3.2606;3.0678;2.887;2.7185;2.5586;2.4118;2.2838;2.1743;2.068
25.673;23.113;20.86;18.866;17.07;15.428;13.911;12.49;11.105;9.7538;8.4524;7.117;5.7626;4.4162;3.1157;2.0488;0.80643;-0.62914;-1.7883;-2.6055
24.597;22.163;20.02;18.123;16.414;14.852;13.409;12.06;10.743;9.4593;8.2246;6.9646;5.6869;4.4197;3.1707;2.0801;0.93363;-0.35047;-1.4701;-2.3835
23.554;21.242;19.205;17.401;15.776;14.292;12.919;11.636;10.387;9.1683;7.998;6.8087;5.6017;4.4101;3.2251;2.1195;1.0543;-0.085365;-1.1601;-2.0652
22.545;20.35;18.415;16.7;15.156;13.744;12.442;11.222;10.038;8.8827;7.7724;6.6501;5.5102;4.3894;3.2731;2.1874;1.1734;0.13991;-0.86926;-1.7365
21.567;19.484;17.648;16.019;14.552;13.213;11.976;10.818;9.6953;8.5993;7.5483;6.4899;5.4125;4.3576;3.3044;2.2634;1.2858;0.33813;-0.59919;-1.4185
20.621;18.646;16.904;15.357;13.965;12.695;11.521;10.422;9.3595;8.3216;7.3263;6.3285;5.311;4.317;3.3275;2.339;1.3991;0.5115;-0.34579;-1.1183
19.705;17.833;16.181;14.715;13.394;12.19;11.077;10.035;9.0299;8.0476;7.1063;6.1664;5.2089;4.27;3.3407;2.409;1.5072;0.67528;-0.11335;-0.83941
18.818;17.046;15.482;14.091;12.839;11.699;10.646;9.6576;8.7067;7.7781;6.8885;6.0037;5.1024;4.2162;3.3451;2.4725;1.6157;0.82562;0.094611;-0.58054
17.96;16.284;14.802;13.486;12.3;11.222;10.225;9.2895;8.3913;7.5134;6.6731;5.8402;4.9924;4.1578;3.3407;2.5236;1.7206;0.96866;0.28151;-0.34046
17.132;15.546;14.144;12.898;11.777;10.757;9.814;8.9298;8.0818;7.2538;6.4611;5.6784;4.881;4.0939;3.3264;2.5636;1.8152;1.1069;0.45375;-0.12466
16.328;14.831;13.507;12.328;11.268;10.304;9.4137;8.5779;7.7783;6.9979;6.2508;5.5162;4.7679;4.0283;3.3071;2.5941;1.8949;1.2304;0.61978;0.074201
15.555;14.14;12.889;11.775;10.773;9.8634;9.0235;8.2344;7.4807;6.7471;6.0424;5.3535;4.6519;3.9573;3.2824;2.6182;1.9642;1.3403;0.77148;0.26041
14.804;13.471;12.291;11.239;10.293;9.435;8.6434;7.8989;7.189;6.4992;5.8359;5.1906;4.5338;3.8821;3.2502;2.6322;2.0234;1.4409;0.90901;0.43252
14.081;12.825;11.711;10.719;9.8273;9.0185;8.273;7.5711;6.9019;6.254;5.6318;5.0279;4.4134;3.8023;3.2125;2.6365;2.0713;1.5312;1.0346;0.59208
13.383;12.2;11.151;10.216;9.3752;8.6136;7.9122;7.2515;6.6224;6.0145;5.4301;4.8655;4.2915;3.7203;3.1689;2.633;2.1085;1.6078;1.1456;0.73825
12.709;11.596;10.609;9.7275;8.9368;8.2203;7.5609;6.9395;6.3488;5.7787;5.2305;4.7018;4.1664;3.6346;3.1201;2.6221;2.1367;1.6732;1.2445;0.87142
12.06;11.014;10.085;9.2566;8.5125;7.839;7.2198;6.6359;6.0814;5.5471;5.0337;4.5389;4.0425;3.5449;3.0661;2.6028;2.1549;1.727;1.332;0.98881
11.434;10.452;9.5791;8.8006;8.1014;7.4691;6.8886;6.3406;5.821;5.322;4.8404;4.3775;3.9159;3.4535;3.0072;2.577;2.1642;1.7696;1.4063;1.0923
10.831;9.9095;9.0908;8.3598;7.7036;7.1106;6.5664;6.053;5.5665;5.0995;4.6504;4.2183;3.7898;3.3623;2.945;2.5451;2.1647;1.8018;1.4678;1.1819
10.25;9.3865;8.6189;7.9333;7.318;6.7623;6.2536;5.7732;5.3177;4.882;4.4627;4.0603;3.6638;3.2678;2.8805;2.5106;2.1595;1.8248;1.5176;1.2576
9.6906;8.8823;8.1635;7.5213;6.9448;6.4247;5.9493;5.4999;5.0752;4.6688;4.2779;3.9036;3.5378;3.1711;2.8122;2.4706;2.1465;1.841;1.5594;1.321
9.1532;8.3974;7.7247;7.1239;6.584;6.0975;5.6538;5.2342;4.8379;4.4594;4.0966;3.7483;3.4106;3.0714;2.7403;2.4255;2.1269;1.8483;1.5916;1.3751
8.6364;7.9304;7.3019;6.7401;6.2359;5.7814;5.3674;4.9758;4.6064;4.2549;3.9174;3.5946;3.2834;2.9705;2.6652;2.3754;2.101;1.8468;1.6137;1.4176
7.9843;7.332;6.7513;6.2323;5.7665;5.3468;4.9647;4.6032;4.2622;3.9375;3.6262;3.3283;3.0412;2.7526;2.4719;2.2039;1.9509;1.7167;1.5021;1.3216
7.3813;6.7786;6.2422;5.7628;5.3326;4.9449;4.5921;4.2585;3.9438;3.644;3.3566;3.0818;2.817;2.5507;2.2912;2.0447;1.8115;1.5956;1.3981;1.2321
6.8239;6.2671;5.7715;5.3286;4.9312;4.5731;4.2475;3.9396;3.6491;3.3724;3.1071;2.8534;2.6092;2.3636;2.1243;1.8969;1.6819;1.483;1.3014;1.1486
6.3086;5.7941;5.3362;4.9271;4.5601;4.2294;3.9288;3.6444;3.3763;3.1212;2.8761;2.642;2.4168;2.1903;1.9702;1.7598;1.5616;1.3782;1.2111;1.0706
5.8322;5.357;4.9341;4.5561;4.2169;3.9114;3.634;3.3714;3.124;2.8884;2.6624;2.4464;2.2386;2.0299;1.8267;1.6326;1.4499;1.2809;1.127;0.99784
5.3918;4.9527;4.5621;4.2129;3.8996;3.6174;3.3612;3.119;2.8906;2.6731;2.4645;2.2652;2.0735;1.8814;1.6931;1.5146;1.3462;1.1903;1.0488;0.92991