1.6133;1.6154;1.6216;1.632;1.6468;1.6662;1.6905;1.7197;1.7541;1.7935;1.8386;1.8894;1.946;2.0086;2.0773;2.1523;2.2335;2.3208;2.414;2.5127
1.5328;1.5348;1.5408;1.5508;1.5651;1.5837;1.6068;1.6347;1.6673;1.7049;1.7474;1.7955;1.8493;1.9089;1.9745;2.0462;2.1241;2.208;2.298;2.3935
1.4553;1.4573;1.463;1.4726;1.4863;1.5041;1.5264;1.553;1.584;1.6196;1.66;1.7056;1.7564;1.813;1.8754;1.9438;2.0182;2.0988;2.1853;2.2776
1.3807;1.3825;1.3881;1.3973;1.4104;1.4275;1.4488;1.4742;1.5039;1.5378;1.5761;1.6192;1.6674;1.7209;1.7802;1.8452;1.9162;1.9932;2.0762;2.165
1.309;1.3107;1.3159;1.3248;1.3373;1.3537;1.3741;1.3984;1.4267;1.459;1.4955;1.5364;1.5822;1.6327;1.6887;1.7504;1.8179;1.8913;1.9707;2.0559
1.2399;1.2416;1.2466;1.2551;1.2671;1.2828;1.3023;1.3254;1.3524;1.3832;1.418;1.457;1.5002;1.5483;1.6012;1.6594;1.7235;1.7933;1.869;1.9505
1.1736;1.1753;1.1801;1.1882;1.1997;1.2146;1.2331;1.2552;1.2808;1.3102;1.3435;1.3805;1.4218;1.4673;1.5174;1.5724;1.6329;1.699;1.771;1.8488
1.11;1.1115;1.1161;1.1239;1.1349;1.1491;1.1667;1.1876;1.212;1.24;1.2717;1.307;1.3462;1.3896;1.437;1.4891;1.5461;1.6086;1.6769;1.7507
1.0491;1.0506;1.055;1.0623;1.0727;1.0862;1.1029;1.1228;1.146;1.1725;1.2026;1.2362;1.2737;1.3149;1.36;1.4093;1.4633;1.5221;1.5866;1.6566
0.99104;0.99242;0.99659;1.0036;1.0135;1.0263;1.042;1.0608;1.0827;1.1078;1.1364;1.1683;1.2039;1.2431;1.286;1.3329;1.3839;1.4396;1.5002;1.5664
0.93535;0.93664;0.9406;0.94726;0.95665;0.96882;0.98377;1.0016;1.0224;1.0461;1.073;1.1032;1.1368;1.1741;1.2149;1.2595;1.308;1.3605;1.4177;1.48
0.88188;0.88314;0.8869;0.89323;0.90216;0.91369;0.92789;0.94481;0.96449;0.98707;1.0126;1.0411;1.0729;1.1079;1.1467;1.189;1.235;1.2849;1.3389;1.3976
0.83147;0.83263;0.83612;0.84197;0.85021;0.86089;0.87432;0.89036;0.90902;0.93042;0.95462;0.98177;1.0119;1.045;1.0815;1.1214;1.1651;1.2124;1.2636;1.3189
0.78418;0.78521;0.78832;0.79371;0.80154;0.81164;0.82408;0.8389;0.85612;0.87618;0.89908;0.92476;0.95335;0.98483;1.0193;1.0571;1.0981;1.1429;1.1915;1.2438
0.74033;0.7413;0.74423;0.74914;0.75604;0.765;0.77622;0.79028;0.80663;0.82534;0.84649;0.87024;0.89728;0.92711;0.95984;0.99557;1.0344;1.0766;1.1223;1.1719
0.69841;0.69934;0.70211;0.70676;0.71325;0.72168;0.73207;0.74447;0.75919;0.77692;0.79696;0.81939;0.84436;0.87184;0.90284;0.93669;0.97349;1.0134;1.0566;1.1032
0.65831;0.65919;0.66181;0.66617;0.67232;0.68027;0.69009;0.70176;0.71539;0.73105;0.74951;0.77077;0.79437;0.82041;0.849;0.88031;0.91516;0.95293;0.99379;1.0379
0.62022;0.62103;0.62348;0.62757;0.63333;0.64078;0.64998;0.66094;0.67381;0.68854;0.70525;0.72418;0.74653;0.77119;0.79823;0.82771;0.85987;0.89507;0.9337;0.97538
0.58389;0.58466;0.58696;0.5908;0.59621;0.60321;0.61183;0.62212;0.63416;0.64801;0.66368;0.68135;0.701;0.72407;0.74964;0.77757;0.80794;0.84088;0.87644;0.91562
0.54924;0.54996;0.55212;0.55573;0.56081;0.56739;0.57545;0.58516;0.59644;0.6094;0.62415;0.6407;0.65916;0.6796;0.70318;0.72956;0.75827;0.7894;0.82305;0.85928
0.51624;0.51691;0.51893;0.52232;0.52707;0.53325;0.54084;0.5499;0.56052;0.57265;0.58649;0.60201;0.61933;0.63851;0.65966;0.68366;0.71079;0.74019;0.77197;0.80622
0.48484;0.48547;0.48736;0.49053;0.49497;0.50075;0.50786;0.51635;0.52629;0.53768;0.55064;0.56516;0.58139;0.59941;0.61923;0.64098;0.66544;0.69318;0.72316;0.7555
0.455;0.45559;0.45735;0.46031;0.46447;0.46986;0.4765;0.48444;0.49372;0.50442;0.51653;0.53013;0.54533;0.56218;0.58076;0.60116;0.62343;0.6484;0.67658;0.70706
0.4219;0.42245;0.42409;0.42683;0.4307;0.4357;0.44186;0.44924;0.45786;0.46775;0.47899;0.49165;0.50575;0.52137;0.53859;0.55755;0.57822;0.60135;0.62751;0.65572
0.39121;0.39173;0.39326;0.3958;0.39939;0.40403;0.40975;0.4166;0.42457;0.43378;0.44422;0.45593;0.46902;0.48352;0.49953;0.51709;0.53625;0.55775;0.58202;0.6082
0.36279;0.36326;0.36468;0.36704;0.37037;0.37467;0.37999;0.38632;0.39375;0.40228;0.41196;0.42283;0.43498;0.44843;0.46328;0.47955;0.49736;0.5173;0.53983;0.56411
0.33643;0.33687;0.33818;0.34037;0.34346;0.34746;0.35238;0.35827;0.36515;0.37307;0.38205;0.39214;0.40341;0.4159;0.42968;0.44477;0.46128;0.4798;0.5007;0.52323
0.31204;0.31244;0.31365;0.31568;0.31854;0.32225;0.32681;0.33226;0.33864;0.34598;0.35431;0.36368;0.37414;0.38574;0.39851;0.41251;0.42785;0.44501;0.46441;0.48532
0.28942;0.28979;0.29092;0.2928;0.29546;0.2989;0.30314;0.3082;0.31411;0.32091;0.32863;0.33731;0.347;0.35777;0.36962;0.38261;0.39684;0.41275;0.43076;0.45017
1.4133;1.4149;1.4196;1.4276;1.4392;1.4545;1.4737;1.4971;1.5248;1.5571;1.5939;1.6347;1.6799;1.7294;1.7831;1.8415;1.9046;1.973;2.047;2.1267
1.3418;1.3434;1.3479;1.3557;1.367;1.3818;1.4004;1.4231;1.4501;1.4814;1.5168;1.5563;1.6001;1.6478;1.6996;1.7556;1.8162;1.8815;1.9521;2.0285
1.2733;1.2747;1.2791;1.2867;1.2975;1.3118;1.3298;1.3518;1.378;1.408;1.4422;1.4803;1.5225;1.5686;1.6186;1.6726;1.7306;1.7932;1.8607;1.9334
1.2075;1.209;1.2132;1.2205;1.2309;1.2447;1.2621;1.2833;1.3084;1.3373;1.3701;1.4068;1.4473;1.4918;1.54;1.592;1.6479;1.7079;1.7724;1.8418
1.1447;1.146;1.1501;1.1572;1.1672;1.1803;1.197;1.2174;1.2415;1.2691;1.3005;1.3357;1.3746;1.4172;1.4637;1.5139;1.5677;1.6254;1.6872;1.7534
1.0845;1.0858;1.0898;1.0964;1.106;1.1187;1.1346;1.1541;1.177;1.2034;1.2334;1.267;1.3043;1.3452;1.3898;1.4381;1.49;1.5455;1.6048;1.6682
1.0269;1.0282;1.032;1.0384;1.0476;1.0597;1.0749;1.0934;1.1151;1.1402;1.1689;1.2009;1.2364;1.2756;1.3183;1.3646;1.4146;1.4681;1.5252;1.5859
0.97193;0.97314;0.97679;0.98294;0.99175;1.0033;1.0179;1.0354;1.0559;1.0798;1.1069;1.1373;1.1711;1.2084;1.2492;1.2937;1.3416;1.3931;1.448;1.5064
0.91954;0.9207;0.92417;0.93004;0.93842;0.94938;0.96322;0.97981;0.99928;1.0218;1.0474;1.0762;1.1083;1.1438;1.1827;1.2251;1.2711;1.3204;1.3733;1.4295
0.86954;0.87065;0.87401;0.87967;0.88767;0.89815;0.91123;0.9269;0.94523;0.9664;0.99052;1.0177;1.048;1.0817;1.1187;1.1591;1.203;1.2503;1.301;1.355
0.82161;0.82268;0.8259;0.83131;0.83897;0.84899;0.86146;0.87637;0.89379;0.91375;0.93635;0.96177;0.9904;1.0222;1.0572;1.0956;1.1374;1.1825;1.2311;1.2829
0.77562;0.77664;0.77972;0.78489;0.79221;0.80179;0.81367;0.82788;0.84444;0.86337;0.8848;0.90886;0.93553;0.96525;0.9983;1.0346;1.0743;1.1173;1.1636;1.2132
0.73223;0.73318;0.73603;0.74082;0.74761;0.75652;0.76782;0.78136;0.79709;0.81505;0.83536;0.85815;0.88346;0.91136;0.94228;0.97628;1.0138;1.0546;1.0987;1.1461
0.69115;0.69206;0.69479;0.69936;0.70586;0.71436;0.72481;0.73731;0.75184;0.76871;0.78799;0.8096;0.83356;0.85994;0.88907;0.92101;0.95604;0.99445;1.0363;1.0814
0.65181;0.65268;0.65527;0.65963;0.66582;0.67388;0.68383;0.69569;0.70946;0.72525;0.74309;0.76304;0.78574;0.81078;0.83825;0.86835;0.90127;0.93728;0.97649;1.0192
0.61412;0.61494;0.61742;0.62158;0.62748;0.63513;0.64455;0.65575;0.66881;0.68381;0.7007;0.71962;0.74062;0.76369;0.78965;0.81806;0.84907;0.88289;0.91979;0.95985
0.57802;0.5788;0.58116;0.58512;0.59072;0.59798;0.60691;0.61753;0.62989;0.64403;0.66006;0.67797;0.69788;0.71983;0.74382;0.77001;0.79925;0.83106;0.8657;0.90339
0.54356;0.5443;0.54654;0.55029;0.55559;0.56245;0.57087;0.58089;0.5926;0.60601;0.62113;0.63812;0.65692;0.67771;0.7005;0.72525;0.75222;0.78165;0.81419;0.84955
0.51059;0.5113;0.51342;0.51698;0.522;0.52848;0.53644;0.54594;0.55699;0.56963;0.58392;0.59992;0.61771;0.63738;0.65891;0.68247;0.70799;0.73558;0.7654;0.79831
0.47908;0.47972;0.48174;0.48511;0.48985;0.49597;0.50352;0.51249;0.52294;0.5349;0.54838;0.56349;0.58025;0.59881;0.61919;0.64143;0.6656;0.69174;0.71993;0.75032
0.44954;0.45013;0.4519;0.45488;0.45912;0.46491;0.47203;0.48051;0.49038;0.50168;0.51443;0.5287;0.54455;0.56202;0.58116;0.60216;0.625;0.64975;0.67644;0.70513
0.42202;0.42257;0.42424;0.42703;0.43095;0.43603;0.44229;0.44995;0.45926;0.46992;0.48196;0.49546;0.51039;0.52691;0.54498;0.56471;0.5862;0.60955;0.6348;0.66195
0.39582;0.39635;0.39791;0.40053;0.40421;0.40897;0.41483;0.42182;0.43;0.43962;0.45098;0.46368;0.4778;0.49335;0.51042;0.52903;0.54926;0.57123;0.59497;0.62063
0.36712;0.3676;0.36906;0.37147;0.37489;0.37931;0.38474;0.39123;0.39882;0.40775;0.41828;0.43008;0.44317;0.45763;0.47346;0.49074;0.50952;0.52991;0.55194;0.57567
0.34049;0.34095;0.3423;0.34453;0.34771;0.3518;0.35684;0.36286;0.3699;0.3782;0.38798;0.39891;0.41109;0.42448;0.43919;0.45522;0.47267;0.4916;0.51205;0.53405
0.31582;0.31623;0.31747;0.31956;0.3225;0.3263;0.33097;0.33657;0.3431;0.35079;0.35987;0.37002;0.38131;0.39375;0.40741;0.42229;0.43849;0.45606;0.47503;0.49545
0.29292;0.29331;0.29447;0.2964;0.29913;0.30265;0.30699;0.31218;0.31825;0.32538;0.33381;0.34324;0.35371;0.36526;0.37793;0.39175;0.40679;0.4231;0.44069;0.45965
0.27174;0.2721;0.27317;0.27496;0.27748;0.28074;0.28477;0.28958;0.2952;0.30182;0.30964;0.3184;0.32812;0.33884;0.3506;0.36342;0.3774;0.39252;0.40885;0.42645
0.2521;0.25243;0.25342;0.25509;0.25743;0.26046;0.2642;0.26866;0.27387;0.28;0.28725;0.29536;0.30438;0.31434;0.32525;0.33716;0.35012;0.36415;0.37931;0.39565
1.2279;1.2289;1.2322;1.2377;1.2454;1.2558;1.2691;1.2854;1.3049;1.3276;1.3539;1.3839;1.4177;1.4552;1.4968;1.5423;1.5913;1.644;1.7003;1.7603
1.1676;1.1687;1.1719;1.1772;1.1847;1.1948;1.2078;1.2235;1.2423;1.2643;1.2895;1.3184;1.3512;1.3879;1.4285;1.4726;1.5203;1.5711;1.6254;1.6832
1.1095;1.1105;1.1136;1.1187;1.1262;1.136;1.1485;1.1639;1.182;1.2033;1.2277;1.2555;1.287;1.3228;1.3623;1.405;1.4511;1.5003;1.5527;1.6083
1.0533;1.0543;1.0573;1.0624;1.0696;1.0793;1.0916;1.1064;1.1241;1.1447;1.1682;1.195;1.2255;1.2598;1.2979;1.3394;1.3839;1.4314;1.482;1.5357
0.9991;1.0001;1.003;1.008;1.0151;1.0246;1.0366;1.0511;1.0682;1.0882;1.111;1.137;1.1665;1.1993;1.2356;1.2756;1.3186;1.3645;1.4133;1.4651
0.94676;0.94772;0.9506;0.95547;0.96248;0.97177;0.98344;0.99761;1.0144;1.0338;1.056;1.0813;1.1097;1.1411;1.1757;1.2137;1.2552;1.2994;1.3466;1.3966
0.89638;0.8973;0.9001;0.90486;0.9117;0.92083;0.93222;0.94602;0.96242;0.98131;1.0029;1.0276;1.0549;1.085;1.1181;1.1542;1.1936;1.2363;1.2818;1.3301
0.84801;0.84891;0.85163;0.85625;0.8629;0.87174;0.88282;0.89627;0.91224;0.93069;0.95178;0.97562;1.0019;1.0309;1.0625;1.097;1.1343;1.175;1.2189;1.2654
0.8019;0.80277;0.80539;0.80984;0.81624;0.82471;0.83536;0.84837;0.86382;0.88186;0.90243;0.92539;0.95077;0.97864;1.009;1.0418;1.0774;1.116;1.1579;1.2028
0.75783;0.75866;0.76119;0.76549;0.77169;0.77987;0.79013;0.80265;0.81747;0.83479;0.85462;0.87679;0.9013;0.92811;0.95719;0.98865;1.0226;1.0593;1.099;1.142
0.71568;0.71649;0.71892;0.72306;0.72902;0.73687;0.74677;0.75883;0.77313;0.78985;0.80865;0.82986;0.85342;0.87921;0.90715;0.93732;0.96982;1.0048;1.0425;1.0831
0.67541;0.67619;0.67853;0.68253;0.68824;0.69577;0.70526;0.71689;0.73067;0.74657;0.76466;0.78493;0.80736;0.83196;0.85875;0.88772;0.91887;0.9523;0.98819;1.0267
0.63779;0.63852;0.64071;0.64442;0.64972;0.65672;0.66559;0.67673;0.68988;0.70502;0.7223;0.74165;0.76307;0.78656;0.81219;0.83984;0.86966;0.90167;0.93593;0.97263
0.60222;0.60291;0.60501;0.60857;0.61363;0.62032;0.62879;0.63915;0.6513;0.66529;0.68166;0.70004;0.72043;0.74284;0.76729;0.79383;0.82233;0.85282;0.88559;0.92057
0.56833;0.569;0.57101;0.57441;0.57926;0.58567;0.59375;0.60353;0.615;0.6283;0.64342;0.66045;0.67946;0.70077;0.72408;0.74938;0.77673;0.80599;0.83717;0.87047
0.536;0.53664;0.53858;0.54184;0.5465;0.55265;0.56032;0.56957;0.58038;0.59292;0.60721;0.6232;0.64111;0.66081;0.68251;0.70662;0.73268;0.76075;0.79066;0.82244
0.50511;0.50572;0.50759;0.51073;0.5152;0.52106;0.52836;0.53712;0.54738;0.55917;0.57256;0.58768;0.60452;0.62317;0.64363;0.66597;0.69034;0.71707;0.74575;0.77622
0.47569;0.47627;0.47806;0.48107;0.48532;0.49088;0.49781;0.50611;0.51581;0.52695;0.53957;0.55375;0.56957;0.58712;0.60646;0.6276;0.6506;0.67543;0.70241;0.73161
0.44753;0.4481;0.44981;0.45268;0.45675;0.46207;0.46865;0.47653;0.48569;0.49618;0.50805;0.5214;0.53626;0.55269;0.57091;0.59087;0.61261;0.63619;0.66157;0.68873
0.42059;0.42113;0.42276;0.42549;0.42937;0.43444;0.44071;0.44819;0.45689;0.46683;0.47804;0.49057;0.50451;0.51997;0.53701;0.55576;0.57626;0.59854;0.62262;0.64846
0.39483;0.39534;0.39689;0.39949;0.40318;0.408;0.41395;0.42103;0.42926;0.4387;0.44932;0.46115;0.47431;0.48883;0.50477;0.5223;0.54155;0.56253;0.58527;0.60978
0.37022;0.37071;0.37218;0.37465;0.37816;0.38272;0.38834;0.39504;0.40282;0.41173;0.42178;0.43301;0.44545;0.45913;0.47415;0.49058;0.5085;0.52817;0.54957;0.5727
0.34672;0.34719;0.34858;0.35093;0.35426;0.35858;0.36389;0.37019;0.37754;0.38596;0.39545;0.40607;0.41782;0.43077;0.44492;0.46038;0.47724;0.49555;0.51552;0.53727
0.32162;0.32206;0.32335;0.32553;0.32863;0.33263;0.33756;0.34341;0.35024;0.35804;0.36685;0.37669;0.38763;0.39965;0.4128;0.42712;0.44277;0.45978;0.47831;0.49839
0.29835;0.29875;0.29996;0.30198;0.30485;0.30857;0.31314;0.31858;0.32492;0.33215;0.34032;0.34948;0.35961;0.37076;0.38297;0.3963;0.41081;0.42661;0.4438;0.46244
0.27677;0.27714;0.27826;0.28014;0.28281;0.28625;0.2905;0.29555;0.30143;0.30814;0.31574;0.32423;0.33364;0.34398;0.35533;0.36768;0.38117;0.39582;0.41178;0.42909
0.25675;0.2571;0.25814;0.25989;0.26236;0.26556;0.2695;0.27418;0.27964;0.28588;0.29293;0.30081;0.30956;0.31915;0.32967;0.34117;0.35364;0.36727;0.38209;0.39816
0.23825;0.23857;0.23953;0.24115;0.24344;0.2464;0.25005;0.25438;0.25943;0.26523;0.27177;0.27909;0.28721;0.29612;0.30588;0.31656;0.32816;0.34079;0.35455;0.36947
0.2211;0.2214;0.22229;0.2238;0.22592;0.22867;0.23206;0.23608;0.24077;0.24613;0.25218;0.25896;0.26648;0.27475;0.28383;0.29373;0.3045;0.31623;0.32901;0.34286
1.0491;1.05;1.0524;1.0563;1.062;1.0695;1.0789;1.0902;1.1037;1.1195;1.1377;1.1583;1.1813;1.2067;1.2349;1.2659;1.3003;1.3381;1.3801;1.4267
0.99864;0.99936;1.0017;1.0056;1.0111;1.0183;1.0274;1.0385;1.0517;1.0671;1.0848;1.1046;1.127;1.1518;1.1792;1.2093;1.2426;1.2793;1.3199;1.3646
0.94974;0.95049;0.95274;0.95652;0.9619;0.96897;0.97776;0.98854;1.0014;1.0164;1.0336;1.053;1.0746;1.0988;1.1254;1.1547;1.187;1.2226;1.262;1.3048
0.9025;0.90324;0.90544;0.90912;0.91434;0.92121;0.92978;0.9403;0.95287;0.96756;0.98427;1.0031;1.0241;1.0475;1.0734;1.1019;1.1334;1.1681;1.2061;1.2471
0.85692;0.85762;0.85975;0.86334;0.86838;0.87512;0.88348;0.89373;0.90602;0.92033;0.93659;0.95489;0.97542;0.99806;1.0233;1.0511;1.0818;1.1155;1.152;1.1914
0.81309;0.81376;0.81579;0.81922;0.82408;0.83059;0.83879;0.84881;0.86081;0.87471;0.89061;0.90842;0.92835;0.95046;0.97496;1.002;1.032;1.0646;1.0998;1.1376
0.77109;0.77175;0.77369;0.77696;0.7816;0.78786;0.79571;0.80547;0.81715;0.83069;0.84616;0.86353;0.88295;0.90447;0.9283;0.95469;0.98381;1.0153;1.0493;1.0855
0.73092;0.73154;0.73337;0.73648;0.74092;0.74692;0.75449;0.76382;0.77506;0.78824;0.80327;0.82025;0.83917;0.86015;0.88335;0.90905;0.93722;0.96762;1.0003;1.0351
0.69255;0.69315;0.69492;0.69791;0.70216;0.70789;0.71509;0.72404;0.73474;0.74737;0.76195;0.77847;0.7969;0.81737;0.84003;0.86501;0.89213;0.92145;0.95287;0.98633
0.65572;0.65629;0.65801;0.6609;0.66503;0.6705;0.67751;0.68613;0.6964;0.70843;0.72225;0.73815;0.75611;0.77608;0.79823;0.82243;0.84855;0.87676;0.90691;0.93904
0.62032;0.62087;0.62253;0.62532;0.62936;0.6347;0.64147;0.6498;0.65968;0.67124;0.68452;0.69964;0.71685;0.73626;0.75782;0.7812;0.80645;0.83349;0.86242;0.89324
0.58683;0.58735;0.58891;0.59158;0.59538;0.60043;0.60689;0.61496;0.62449;0.63567;0.64837;0.66293;0.67941;0.69806;0.71876;0.74129;0.76565;0.79166;0.81935;0.84893
0.55484;0.55535;0.55689;0.55949;0.56322;0.56816;0.57444;0.58204;0.59107;0.60155;0.61382;0.62781;0.64361;0.66146;0.68116;0.70283;0.72616;0.75114;0.77776;0.80606
0.52404;0.52454;0.52605;0.52861;0.53226;0.53714;0.54327;0.55069;0.55945;0.56965;0.58126;0.5944;0.60944;0.6264;0.64511;0.66568;0.68807;0.71201;0.7375;0.76466
0.49442;0.49491;0.49638;0.49888;0.50248;0.50724;0.51324;0.52046;0.529;0.53891;0.55015;0.56297;0.57733;0.59316;0.61059;0.63004;0.65124;0.67422;0.69871;0.72469
0.466;0.46648;0.46791;0.47034;0.47384;0.47849;0.48427;0.4913;0.49963;0.50924;0.52024;0.53269;0.54652;0.5617;0.57831;0.59632;0.61592;0.63768;0.66119;0.68614
0.43875;0.4392;0.44058;0.44292;0.44633;0.45081;0.45643;0.46327;0.47138;0.48076;0.4915;0.50348;0.51681;0.5314;0.54725;0.56443;0.58297;0.60303;0.62491;0.64886
0.41285;0.41327;0.4146;0.41686;0.42012;0.42442;0.42982;0.43638;0.44419;0.45329;0.46373;0.47533;0.48814;0.50214;0.51732;0.53371;0.55139;0.5704;0.59092;0.6131
0.38814;0.38856;0.38984;0.39202;0.39516;0.39928;0.40446;0.41079;0.41831;0.42703;0.43698;0.44811;0.46044;0.47388;0.48843;0.50411;0.52097;0.53909;0.55851;0.57943
0.36464;0.36505;0.36629;0.36838;0.37138;0.37531;0.38028;0.38637;0.39358;0.40191;0.4114;0.42202;0.43377;0.44656;0.46052;0.47556;0.49168;0.50896;0.52744;0.54722
0.34235;0.34274;0.34393;0.34592;0.34877;0.35253;0.35728;0.3631;0.36995;0.37787;0.38687;0.39697;0.40814;0.4204;0.43369;0.448;0.46344;0.47995;0.49757;0.51636
0.32125;0.32162;0.32275;0.32464;0.32734;0.33092;0.33545;0.34096;0.34743;0.35489;0.36341;0.37295;0.38353;0.39517;0.40788;0.42159;0.43631;0.452;0.46882;0.48674
0.30123;0.30159;0.30266;0.30447;0.30705;0.31047;0.31476;0.31992;0.32599;0.333;0.341;0.34998;0.35996;0.37097;0.38302;0.39611;0.41019;0.42526;0.44125;0.45823
0.27948;0.27982;0.28082;0.2825;0.2849;0.28807;0.29206;0.29686;0.3025;0.30902;0.31645;0.32477;0.33405;0.34427;0.35546;0.3676;0.38067;0.39466;0.40952;0.42526
0.25932;0.25963;0.26056;0.26212;0.26435;0.26729;0.27101;0.27547;0.28071;0.28677;0.29367;0.30141;0.31002;0.31951;0.32989;0.34115;0.35329;0.36627;0.38007;0.39467
0.24061;0.2409;0.24176;0.24322;0.2453;0.24804;0.2515;0.25564;0.26051;0.26613;0.27255;0.27973;0.28772;0.29653;0.30616;0.31661;0.32788;0.33994;0.35274;0.36629
0.22327;0.22354;0.22434;0.22569;0.22763;0.23018;0.2334;0.23724;0.24178;0.24699;0.25293;0.2596;0.26704;0.27521;0.28414;0.29385;0.30431;0.31551;0.32738;0.33995
0.20728;0.20752;0.20826;0.20952;0.21131;0.21368;0.21664;0.2202;0.22438;0.22923;0.23476;0.24096;0.24785;0.25542;0.26372;0.27273;0.28245;0.29283;0.30384;0.31552
0.19246;0.19268;0.19338;0.19455;0.19622;0.19842;0.20118;0.20449;0.20837;0.21288;0.21797;0.22369;0.23003;0.23707;0.24477;0.25314;0.26215;0.27178;0.28201;0.29285
0.88281;0.88339;0.88512;0.88797;0.89201;0.89724;0.90374;0.91159;0.92078;0.93148;0.94405;0.95875;0.97583;0.99516;1.0168;1.0408;1.0672;1.0962;1.1278;1.1626
0.84062;0.84117;0.84284;0.84563;0.84955;0.85458;0.86085;0.86843;0.87734;0.88767;0.89976;0.91389;0.93017;0.94864;0.96928;0.99229;1.0177;1.0456;1.0761;1.1096
0.80003;0.80057;0.80218;0.80489;0.80863;0.81354;0.81962;0.82696;0.83561;0.84562;0.85731;0.8709;0.88649;0.90405;0.92372;0.94571;0.97005;0.99688;1.0264;1.0587
0.761;0.76153;0.76309;0.76566;0.76932;0.77407;0.77998;0.78709;0.79555;0.80522;0.81654;0.82966;0.84456;0.86135;0.88011;0.90098;0.92435;0.95009;0.97846;1.0096
0.72347;0.72399;0.72546;0.72797;0.73151;0.73613;0.74187;0.74881;0.75695;0.76639;0.77738;0.79007;0.80437;0.8205;0.83834;0.8583;0.88045;0.90515;0.93244;0.96248
0.68738;0.68787;0.6893;0.69172;0.69515;0.69968;0.70521;0.71193;0.7199;0.72906;0.73973;0.75199;0.7658;0.78124;0.79841;0.81741;0.83853;0.86211;0.88828;0.9172
0.65269;0.65315;0.65456;0.65687;0.66019;0.66457;0.66996;0.67649;0.68421;0.69318;0.70355;0.71539;0.72876;0.74356;0.76004;0.77823;0.79844;0.8209;0.84593;0.87373
0.61937;0.61983;0.62119;0.62341;0.62659;0.63077;0.63599;0.64235;0.64983;0.65861;0.66871;0.68021;0.69309;0.7074;0.72325;0.74077;0.76006;0.78153;0.8054;0.83209
0.58734;0.58781;0.58912;0.59129;0.59434;0.59838;0.60344;0.60957;0.61688;0.62536;0.63516;0.64625;0.65875;0.67262;0.68791;0.70477;0.72332;0.74388;0.76673;0.79222
0.5567;0.55711;0.55834;0.56038;0.56335;0.56727;0.57213;0.57809;0.58519;0.59347;0.60296;0.61369;0.62568;0.63909;0.65391;0.67022;0.68818;0.70791;0.72977;0.75417
0.52777;0.52816;0.52934;0.53131;0.53408;0.53777;0.54234;0.54794;0.55473;0.56279;0.57202;0.58243;0.59402;0.60693;0.62112;0.63688;0.65426;0.67336;0.6944;0.71773
0.49994;0.50032;0.50146;0.50335;0.50604;0.5096;0.51407;0.51952;0.52603;0.53367;0.54236;0.55228;0.56349;0.57599;0.58978;0.60495;0.62168;0.64018;0.66057;0.68279
0.47315;0.47351;0.47462;0.47646;0.47907;0.48253;0.48687;0.49216;0.49848;0.50591;0.51435;0.52386;0.53448;0.54621;0.5596;0.57432;0.59048;0.60837;0.62803;0.6493
0.44737;0.44772;0.44878;0.45056;0.45308;0.45644;0.46066;0.46581;0.47199;0.47915;0.48737;0.49665;0.50694;0.51832;0.53095;0.54487;0.56061;0.57794;0.59676;0.61706
0.42268;0.42302;0.42403;0.42571;0.42814;0.43134;0.43543;0.44046;0.44647;0.45344;0.46142;0.47042;0.48041;0.49155;0.5038;0.51733;0.53225;0.54863;0.56668;0.5861
0.3992;0.3995;0.40044;0.40205;0.40432;0.40738;0.41127;0.41611;0.42193;0.42872;0.43647;0.44519;0.45493;0.46573;0.47769;0.49087;0.50539;0.52112;0.53804;0.55623
0.37689;0.37718;0.37808;0.37961;0.38179;0.38469;0.38838;0.39295;0.39845;0.40494;0.41245;0.42094;0.43038;0.44093;0.45257;0.46543;0.47946;0.4946;0.51084;0.52812
0.3555;0.3558;0.35667;0.35815;0.36026;0.36307;0.36663;0.37104;0.37627;0.38239;0.38945;0.39761;0.40678;0.41706;0.42841;0.44092;0.45444;0.46899;0.48453;0.50109
0.335;0.33528;0.33613;0.33757;0.33961;0.34235;0.34583;0.35008;0.35514;0.36103;0.36777;0.37547;0.3842;0.39409;0.40518;0.41724;0.43027;0.44424;0.45912;0.47495
0.31531;0.31559;0.31642;0.31783;0.31983;0.3225;0.32592;0.33005;0.33492;0.34062;0.34711;0.35448;0.36281;0.37229;0.38287;0.39439;0.40691;0.42031;0.43457;0.44971
0.2964;0.29668;0.29749;0.29887;0.30085;0.30348;0.3068;0.31082;0.31556;0.32106;0.32734;0.33446;0.34251;0.35154;0.36153;0.37258;0.38446;0.39718;0.41084;0.42534
0.27823;0.2785;0.2793;0.28066;0.28259;0.2852;0.28844;0.29235;0.297;0.30234;0.30842;0.31532;0.3231;0.33171;0.34118;0.35156;0.36293;0.3751;0.38802;0.40181
0.26081;0.26107;0.26186;0.26318;0.26509;0.26761;0.27077;0.27461;0.27913;0.28435;0.29027;0.29698;0.30448;0.31269;0.32171;0.33151;0.34216;0.35378;0.36619;0.37933
0.24202;0.24226;0.24298;0.24422;0.24599;0.24835;0.25128;0.25484;0.25906;0.2639;0.26939;0.27565;0.2826;0.29023;0.2986;0.30771;0.31761;0.3284;0.33993;0.35213
0.22458;0.22481;0.22549;0.22663;0.22828;0.23047;0.2332;0.23652;0.24041;0.24491;0.25004;0.25584;0.2623;0.26939;0.27717;0.28562;0.29483;0.30485;0.31556;0.3269
0.20841;0.20862;0.20925;0.21032;0.21185;0.21389;0.21643;0.21949;0.22312;0.2273;0.23207;0.23746;0.24347;0.25006;0.25728;0.26513;0.27369;0.283;0.29295;0.30348
0.19346;0.19365;0.19423;0.19521;0.19663;0.19849;0.20086;0.20371;0.20709;0.21097;0.2154;0.22043;0.226;0.23212;0.23883;0.24612;0.25408;0.26273;0.27196;0.28174
0.17969;0.17986;0.1804;0.18132;0.18264;0.18439;0.18657;0.1892;0.19231;0.19589;0.19997;0.20462;0.20979;0.21548;0.22171;0.22848;0.23588;0.24391;0.25249;0.26158
0.16692;0.16708;0.16758;0.16844;0.16967;0.1713;0.17333;0.17579;0.1787;0.18203;0.18584;0.19015;0.1949;0.20012;0.20584;0.21212;0.21899;0.22645;0.23442;0.24286
0.74169;0.74217;0.74353;0.74583;0.74905;0.7532;0.7583;0.76437;0.7713;0.77929;0.78855;0.79923;0.81157;0.82589;0.84217;0.86017;0.87978;0.90113;0.92407;0.94878
0.70513;0.7056;0.7069;0.70911;0.7122;0.71618;0.7211;0.72696;0.73364;0.74138;0.7503;0.76065;0.77261;0.78645;0.80215;0.81949;0.83845;0.85903;0.88136;0.90536
0.6701;0.67054;0.67182;0.67389;0.67685;0.68068;0.6854;0.69105;0.69751;0.70497;0.71361;0.7236;0.73517;0.74855;0.7636;0.78029;0.7986;0.8185;0.84006;0.86336
0.63652;0.63692;0.63812;0.64016;0.64296;0.64663;0.65116;0.65661;0.66283;0.67005;0.67839;0.68806;0.69924;0.71216;0.72662;0.74264;0.76022;0.77942;0.80022;0.82278
0.60439;0.60478;0.6059;0.60781;0.6105;0.61399;0.61834;0.62356;0.62957;0.63654;0.64461;0.65395;0.66477;0.67722;0.69111;0.7065;0.72335;0.74179;0.7619;0.78368
0.57369;0.57406;0.57515;0.57696;0.57948;0.58279;0.58691;0.5919;0.59768;0.60441;0.6122;0.62123;0.6317;0.64365;0.65704;0.67172;0.68797;0.70564;0.72497;0.74601
0.54443;0.54479;0.54579;0.54753;0.5499;0.55302;0.5569;0.56163;0.56714;0.57361;0.58113;0.58985;0.59998;0.61145;0.62427;0.63837;0.65389;0.67092;0.68946;0.70975
0.51648;0.51682;0.51778;0.51941;0.5217;0.52467;0.52837;0.53284;0.53805;0.54416;0.55136;0.55979;0.56956;0.58061;0.59286;0.60641;0.62129;0.63759;0.65541;0.67486
0.4903;0.49061;0.49152;0.49301;0.49512;0.49787;0.50128;0.5054;0.51036;0.51618;0.52301;0.53102;0.5404;0.55099;0.56274;0.57572;0.58997;0.60554;0.62263;0.64135
0.46528;0.46559;0.46645;0.4679;0.46991;0.47253;0.47579;0.47974;0.48437;0.48976;0.49608;0.50365;0.51255;0.52261;0.53384;0.54627;0.55989;0.57485;0.59123;0.60919
0.44137;0.44166;0.44247;0.44385;0.4458;0.44833;0.45146;0.45523;0.45966;0.46482;0.47088;0.47799;0.48614;0.49552;0.50623;0.51806;0.53111;0.54543;0.56111;0.57834
0.41845;0.41873;0.4195;0.42082;0.42269;0.42513;0.42815;0.43178;0.43606;0.44103;0.44682;0.45362;0.46142;0.47023;0.48007;0.49112;0.50356;0.51724;0.5323;0.54879
0.3964;0.39666;0.39742;0.39868;0.40048;0.40283;0.40576;0.40928;0.41344;0.41823;0.42382;0.43034;0.43776;0.44619;0.45555;0.46593;0.47755;0.49033;0.50472;0.52052
0.37525;0.37552;0.37626;0.37749;0.37921;0.38147;0.3843;0.38772;0.39176;0.39642;0.40183;0.40809;0.4152;0.42314;0.43206;0.44197;0.45301;0.4652;0.47863;0.49351
0.35512;0.35535;0.35605;0.35719;0.35883;0.36102;0.36375;0.36706;0.37098;0.37552;0.38077;0.3868;0.39363;0.40125;0.4097;0.41913;0.4296;0.44123;0.4541;0.46826
0.33594;0.33615;0.33683;0.33794;0.33953;0.3416;0.34419;0.34732;0.35106;0.3555;0.3606;0.36641;0.37296;0.38027;0.38835;0.39733;0.40728;0.41834;0.43064;0.44426
0.31752;0.31774;0.31839;0.31946;0.321;0.32302;0.32553;0.32858;0.33221;0.33645;0.34133;0.34689;0.35318;0.36021;0.36798;0.37656;0.38603;0.39655;0.40824;0.42129
0.29985;0.30006;0.30069;0.30175;0.30324;0.30518;0.30762;0.31059;0.31412;0.31827;0.32302;0.32837;0.33435;0.34098;0.34846;0.35671;0.3658;0.3758;0.38696;0.39937
0.2829;0.2831;0.28371;0.28474;0.28618;0.28807;0.29044;0.29335;0.29677;0.30082;0.30543;0.31063;0.31644;0.32286;0.32993;0.33772;0.34647;0.35609;0.36672;0.37858
0.26662;0.26682;0.26741;0.26841;0.26981;0.27164;0.27396;0.27677;0.28012;0.28404;0.28853;0.2936;0.29922;0.30543;0.31228;0.31983;0.32812;0.33726;0.34749;0.35876
0.25101;0.2512;0.25178;0.25274;0.25409;0.25588;0.25813;0.26088;0.26414;0.26796;0.27233;0.27723;0.28269;0.28871;0.29537;0.3027;0.31072;0.31957;0.32928;0.33985
0.23603;0.23622;0.23677;0.2377;0.23902;0.24077;0.24295;0.24563;0.24881;0.25252;0.25676;0.26152;0.26682;0.27268;0.27913;0.28624;0.29407;0.30265;0.31198;0.32201
0.22175;0.22192;0.22244;0.22333;0.22459;0.22626;0.22839;0.23099;0.23411;0.2377;0.24182;0.24644;0.25158;0.25728;0.26356;0.27047;0.27807;0.28639;0.29533;0.30492
0.20576;0.20593;0.20642;0.20724;0.20841;0.20997;0.21196;0.21438;0.21728;0.22062;0.22445;0.22875;0.23354;0.23883;0.24467;0.25109;0.25817;0.26591;0.27423;0.28314
0.19095;0.1911;0.19155;0.19232;0.19342;0.19486;0.19671;0.19896;0.20165;0.20477;0.20833;0.21234;0.21678;0.22171;0.22713;0.23312;0.2397;0.2469;0.25463;0.26292
0.17724;0.17738;0.17779;0.17849;0.1795;0.18085;0.18257;0.18467;0.18717;0.19007;0.19338;0.1971;0.20124;0.20582;0.21086;0.21643;0.22257;0.22926;0.23645;0.24414
0.16469;0.16481;0.1652;0.16586;0.1668;0.16803;0.16961;0.17153;0.17383;0.17649;0.17952;0.18298;0.18682;0.19109;0.19578;0.20096;0.20666;0.21288;0.21957;0.22672
0.15304;0.15316;0.15353;0.15413;0.15502;0.15617;0.15765;0.15946;0.16161;0.16409;0.16691;0.17007;0.17359;0.17748;0.18178;0.1866;0.1919;0.19769;0.2039;0.21055
0.14224;0.14235;0.1427;0.14327;0.14409;0.14519;0.14657;0.14825;0.15026;0.15257;0.15521;0.15816;0.16145;0.16508;0.16908;0.1735;0.17834;0.18361;0.18936;0.19554
0.62593;0.62627;0.62727;0.62886;0.63112;0.63399;0.6375;0.64161;0.64632;0.65175;0.65804;0.66502;0.67288;0.6819;0.69237;0.7045;0.71797;0.7326;0.7485;0.76578
0.59455;0.59485;0.59582;0.59741;0.59957;0.60237;0.60579;0.60979;0.61438;0.61966;0.62577;0.63264;0.64037;0.64926;0.65957;0.67139;0.68451;0.69859;0.71392;0.73052
0.56441;0.56473;0.56568;0.56718;0.56932;0.57205;0.57537;0.57927;0.58372;0.58888;0.59481;0.60154;0.60914;0.61786;0.62799;0.63953;0.65219;0.66585;0.6807;0.69669
0.53558;0.5359;0.53681;0.53826;0.54032;0.54297;0.5462;0.54998;0.55433;0.55933;0.56509;0.57167;0.57912;0.58767;0.59757;0.60878;0.6211;0.63437;0.64868;0.66415
0.50798;0.50828;0.50916;0.51056;0.51255;0.51509;0.51819;0.52185;0.52606;0.53091;0.53649;0.5429;0.55021;0.55858;0.56824;0.57911;0.59106;0.60398;0.61786;0.63276
0.48156;0.48185;0.48266;0.48403;0.48594;0.4884;0.49141;0.49497;0.49903;0.50369;0.50907;0.5153;0.52244;0.53063;0.54004;0.55056;0.5621;0.57468;0.58814;0.60259
0.45679;0.45706;0.45782;0.45909;0.46087;0.46316;0.46597;0.46927;0.47316;0.47767;0.48286;0.48884;0.49579;0.50379;0.51293;0.52308;0.53423;0.54633;0.55939;0.57334
0.43312;0.43338;0.43411;0.43535;0.43707;0.43929;0.44201;0.4452;0.44884;0.45303;0.45784;0.46355;0.47025;0.47798;0.48687;0.49666;0.50745;0.51909;0.53171;0.54525
0.41049;0.41074;0.41144;0.41263;0.41429;0.41643;0.41905;0.42215;0.42567;0.42972;0.43439;0.43976;0.44598;0.45325;0.46177;0.47131;0.48166;0.49291;0.50503;0.51815
0.38885;0.38909;0.38976;0.39091;0.39251;0.39456;0.39708;0.40006;0.40346;0.40739;0.4119;0.41711;0.42313;0.43014;0.43806;0.44692;0.45688;0.46772;0.47942;0.49206
0.36816;0.36838;0.36905;0.37012;0.37165;0.37363;0.37605;0.37894;0.38221;0.386;0.39037;0.39542;0.40125;0.40804;0.41567;0.42418;0.4334;0.44354;0.45481;0.46699
0.34838;0.34859;0.34921;0.35026;0.35172;0.35361;0.35594;0.35872;0.36188;0.36554;0.36977;0.37465;0.3803;0.38681;0.39419;0.40237;0.41125;0.42091;0.4314;0.44289
0.32948;0.32969;0.33028;0.33127;0.33267;0.33448;0.33671;0.33938;0.34243;0.34596;0.35005;0.35477;0.36023;0.36654;0.37362;0.38144;0.38999;0.3993;0.40936;0.42029
0.31166;0.31184;0.3124;0.31332;0.3146;0.31627;0.31835;0.3209;0.32383;0.32723;0.33118;0.33574;0.34103;0.34713;0.35393;0.36141;0.36959;0.37855;0.38824;0.39873
0.2947;0.29488;0.2954;0.29627;0.29748;0.29907;0.30105;0.30344;0.30619;0.30937;0.31314;0.31755;0.32267;0.32852;0.33501;0.34219;0.35006;0.35862;0.36798;0.37809
0.27855;0.27872;0.27921;0.28003;0.28119;0.28269;0.28457;0.28683;0.28947;0.29254;0.29612;0.30027;0.30513;0.31073;0.31699;0.32385;0.33135;0.33956;0.34852;0.35827
0.26316;0.26333;0.26379;0.26458;0.26568;0.26711;0.26889;0.27104;0.27355;0.27647;0.27992;0.28393;0.28859;0.29383;0.29969;0.30625;0.31345;0.3213;0.3299;0.33924
0.24849;0.24865;0.2491;0.24984;0.25089;0.25226;0.25395;0.256;0.25839;0.26118;0.26446;0.26831;0.27279;0.27784;0.28345;0.28958;0.29635;0.30386;0.31208;0.32105
0.23448;0.23462;0.23505;0.23576;0.23677;0.23808;0.23971;0.24166;0.24397;0.24663;0.24975;0.25342;0.25769;0.26252;0.2679;0.27379;0.28025;0.28727;0.29506;0.30364
0.2211;0.22125;0.22165;0.22234;0.22331;0.22457;0.22613;0.22802;0.23023;0.23279;0.23578;0.23928;0.24332;0.24789;0.25303;0.25868;0.26487;0.27163;0.27901;0.28705
0.20836;0.20849;0.20888;0.20954;0.21047;0.21169;0.2132;0.21501;0.21716;0.21962;0.22249;0.22586;0.22967;0.234;0.23884;0.24422;0.25015;0.25663;0.26372;0.27146
0.19619;0.19633;0.1967;0.19734;0.19823;0.1994;0.20086;0.20261;0.20468;0.20707;0.20984;0.21306;0.21671;0.2208;0.22536;0.23046;0.2361;0.24232;0.24912;0.25656
0.1846;0.18472;0.18509;0.1857;0.18657;0.18768;0.18909;0.19078;0.19278;0.19511;0.19779;0.20087;0.20436;0.20826;0.2126;0.21739;0.22271;0.22865;0.23516;0.24231
0.17132;0.17144;0.17179;0.17235;0.17315;0.1742;0.17552;0.1771;0.17895;0.18112;0.18362;0.1865;0.18974;0.19337;0.1974;0.20187;0.20682;0.21234;0.21841;0.22505
0.15907;0.15917;0.15948;0.15999;0.16072;0.16171;0.16293;0.1644;0.16613;0.16815;0.17047;0.17315;0.17617;0.17955;0.18331;0.18747;0.19206;0.1972;0.20285;0.20903
0.14788;0.14798;0.14828;0.14876;0.14944;0.15035;0.15146;0.15278;0.15436;0.15619;0.15831;0.16077;0.16358;0.16673;0.17021;0.17408;0.17838;0.18315;0.18841;0.19416
0.13751;0.1376;0.13788;0.13834;0.13897;0.13982;0.14085;0.14209;0.14357;0.14529;0.14727;0.14955;0.1521;0.15497;0.15812;0.16167;0.16567;0.1701;0.17499;0.18034
0.12789;0.12797;0.12823;0.12865;0.12926;0.13003;0.131;0.13217;0.13356;0.13518;0.13703;0.13916;0.14156;0.14422;0.14718;0.15045;0.15408;0.1581;0.16254;0.16751
0.11895;0.11903;0.11927;0.11967;0.12023;0.12096;0.12187;0.12297;0.12426;0.12578;0.12752;0.12951;0.13174;0.13425;0.137;0.14005;0.14344;0.14719;0.15132;0.15583
0.52729;0.52747;0.52803;0.529;0.5304;0.53225;0.53448;0.5371;0.54012;0.54359;0.54702;0.5506;0.55464;0.55958;0.56569;0.57316;0.58221;0.59241;0.60326;0.61473
0.50064;0.50082;0.50138;0.5023;0.50367;0.50544;0.5076;0.51014;0.51308;0.51647;0.51988;0.52344;0.52743;0.53224;0.53827;0.54561;0.5545;0.56436;0.57497;0.58618
0.47511;0.47529;0.47582;0.47674;0.47807;0.4798;0.48186;0.48432;0.48718;0.49049;0.49389;0.49742;0.50139;0.50609;0.51196;0.51919;0.5278;0.53742;0.54772;0.55868
0.45063;0.45082;0.45135;0.45225;0.45356;0.45522;0.45724;0.45962;0.46239;0.4656;0.46898;0.47249;0.47642;0.48102;0.4868;0.49385;0.50217;0.51146;0.52145;0.53208
0.42758;0.42775;0.42828;0.42911;0.43034;0.43187;0.43375;0.43597;0.43866;0.44177;0.44511;0.44858;0.45249;0.45701;0.46266;0.46953;0.47758;0.48653;0.49615;0.5065
0.40558;0.40576;0.40626;0.40709;0.40828;0.40976;0.41159;0.41373;0.41624;0.41913;0.42226;0.42565;0.42952;0.43399;0.43948;0.44616;0.45395;0.46252;0.47182;0.48184
0.38448;0.38465;0.38516;0.38596;0.38713;0.38858;0.39037;0.39247;0.3949;0.3977;0.40079;0.40401;0.40765;0.41193;0.41726;0.42379;0.4313;0.43956;0.44847;0.45811
0.36427;0.36444;0.36493;0.36573;0.36686;0.36828;0.37003;0.37209;0.37446;0.37719;0.38025;0.38344;0.38703;0.39123;0.39623;0.40233;0.40953;0.41752;0.4261;0.43532
0.34494;0.34509;0.34556;0.34636;0.34746;0.34885;0.35055;0.35255;0.35486;0.35752;0.36055;0.36374;0.36733;0.37145;0.37633;0.38223;0.38895;0.39634;0.40464;0.41356
0.32639;0.32655;0.32702;0.3278;0.32886;0.33022;0.33188;0.33382;0.33607;0.33865;0.34162;0.3448;0.34837;0.35248;0.35728;0.36298;0.36941;0.37651;0.38419;0.39264
0.30863;0.30878;0.30924;0.31;0.31104;0.31236;0.31397;0.31587;0.31806;0.32057;0.32349;0.32665;0.3302;0.33427;0.33902;0.34457;0.35077;0.35755;0.3649;0.37293
0.29174;0.29188;0.29232;0.293;0.29399;0.29528;0.29686;0.29871;0.30083;0.30329;0.30613;0.30927;0.31278;0.31681;0.3215;0.32692;0.33291;0.33943;0.3465;0.35417
0.27577;0.27591;0.27634;0.27701;0.27796;0.27917;0.28065;0.28238;0.28438;0.28677;0.28952;0.29263;0.2961;0.30008;0.30469;0.30997;0.31578;0.32207;0.32892;0.33626
0.26052;0.26066;0.26107;0.26172;0.26265;0.26384;0.26528;0.26697;0.26891;0.27115;0.27371;0.2767;0.28013;0.28404;0.28857;0.29369;0.29933;0.30545;0.31201;0.31909
0.24596;0.2461;0.24648;0.24713;0.24803;0.24919;0.2506;0.25226;0.25414;0.25631;0.25881;0.26167;0.26492;0.26868;0.27311;0.27808;0.28355;0.28947;0.29583;0.30262
0.23208;0.23221;0.23258;0.23322;0.23409;0.23522;0.23659;0.2382;0.24003;0.24214;0.24456;0.24734;0.25054;0.25419;0.25839;0.26313;0.26841;0.27413;0.28027;0.28683
0.21885;0.21898;0.21934;0.21995;0.2208;0.22189;0.22321;0.22478;0.22655;0.22859;0.23094;0.23364;0.23677;0.24035;0.24444;0.249;0.25396;0.25942;0.26533;0.27168
0.20625;0.20638;0.20672;0.20731;0.20813;0.20918;0.21046;0.21197;0.21369;0.21567;0.21794;0.22056;0.22361;0.2271;0.23107;0.23551;0.2403;0.24549;0.25105;0.25713
0.19427;0.19438;0.19471;0.19527;0.19606;0.19706;0.1983;0.19977;0.20142;0.20334;0.20554;0.20807;0.21101;0.21441;0.21827;0.22255;0.22718;0.23219;0.23758;0.24334
0.18288;0.183;0.18331;0.18385;0.18459;0.18556;0.18674;0.18814;0.18973;0.19158;0.19371;0.19616;0.19899;0.20229;0.20602;0.21012;0.21459;0.21943;0.22463;0.23021
0.17206;0.17217;0.17247;0.17298;0.17369;0.17461;0.17575;0.1771;0.17863;0.1804;0.18244;0.1848;0.18754;0.19071;0.19429;0.19825;0.20254;0.20719;0.21223;0.21761
0.16178;0.16188;0.16216;0.16265;0.16333;0.1642;0.16529;0.16658;0.16806;0.16977;0.17174;0.174;0.17664;0.17969;0.18311;0.18687;0.19099;0.19548;0.2003;0.20551
0.15201;0.15211;0.15238;0.15284;0.15348;0.15432;0.15535;0.15659;0.15801;0.15965;0.16155;0.16374;0.16628;0.16919;0.17244;0.17604;0.17996;0.18425;0.18889;0.19391
0.1412;0.14129;0.14153;0.14195;0.14253;0.14328;0.14422;0.14537;0.1467;0.14823;0.14999;0.15204;0.1544;0.15711;0.16014;0.16349;0.16714;0.17113;0.17546;0.18012
0.13133;0.1314;0.13163;0.13202;0.13257;0.13327;0.13415;0.13519;0.1364;0.13778;0.13937;0.14121;0.14338;0.14589;0.14872;0.15184;0.15524;0.15896;0.16298;0.16732
0.12216;0.12223;0.12245;0.12281;0.12332;0.12399;0.1248;0.12578;0.12692;0.12821;0.12971;0.13143;0.13341;0.1357;0.13824;0.14106;0.14419;0.14765;0.1514;0.15545
0.11364;0.11372;0.11392;0.11426;0.11474;0.11536;0.11613;0.11705;0.11811;0.11932;0.12073;0.12234;0.12419;0.12633;0.12872;0.13133;0.13421;0.13732;0.14071;0.14441
0.10574;0.10581;0.106;0.10632;0.10677;0.10735;0.10807;0.10893;0.10993;0.11107;0.11238;0.11388;0.11562;0.11761;0.11984;0.1223;0.12498;0.12789;0.13105;0.13446
0.09841;0.098473;0.09865;0.09895;0.099373;0.099918;0.10059;0.10139;0.10233;0.10339;0.10462;0.10602;0.10765;0.10952;0.1116;0.1139;0.11639;0.11911;0.12206;0.12524
0.44332;0.44344;0.44382;0.44443;0.44534;0.44656;0.44808;0.44957;0.45108;0.45248;0.45375;0.45502;0.45658;0.45843;0.46072;0.46308;0.46617;0.47038;0.47511;0.47985
0.42062;0.42074;0.42111;0.42171;0.4226;0.42378;0.42526;0.42676;0.42829;0.42979;0.4311;0.43241;0.43403;0.436;0.43846;0.44115;0.44453;0.44894;0.45384;0.4588
0.3992;0.39932;0.39966;0.4002;0.40102;0.4021;0.40345;0.40484;0.40637;0.40792;0.40929;0.41066;0.41235;0.41442;0.41698;0.41996;0.42357;0.42815;0.43318;0.4383
0.37869;0.37879;0.37912;0.37964;0.38043;0.38148;0.38278;0.38415;0.38563;0.38711;0.3884;0.38979;0.39151;0.39365;0.3963;0.3995;0.4033;0.40801;0.41313;0.41838
0.35901;0.35912;0.35944;0.35993;0.3607;0.3617;0.36296;0.36435;0.36585;0.36737;0.3687;0.37006;0.37166;0.37369;0.3764;0.37976;0.38372;0.38851;0.3937;0.39903
0.34021;0.34031;0.34062;0.34112;0.34185;0.34282;0.34406;0.34541;0.34689;0.34843;0.3498;0.3512;0.35285;0.35493;0.35749;0.36071;0.36483;0.36966;0.37489;0.38027
0.32222;0.32232;0.32262;0.32311;0.32382;0.32478;0.32597;0.3273;0.32876;0.33032;0.3317;0.33313;0.33479;0.33692;0.33953;0.34278;0.34683;0.35146;0.3567;0.36209
0.305;0.3051;0.3054;0.30587;0.30659;0.30751;0.30866;0.30995;0.3114;0.31297;0.31438;0.31585;0.31751;0.31964;0.32228;0.32556;0.32964;0.33431;0.33928;0.3445
0.28854;0.28865;0.28894;0.2894;0.29007;0.291;0.2921;0.29336;0.29479;0.29637;0.2978;0.29929;0.30096;0.30312;0.30576;0.30902;0.3131;0.31775;0.32273;0.32782
0.27285;0.27294;0.27322;0.27366;0.27432;0.27521;0.27627;0.2775;0.2789;0.28048;0.28193;0.28344;0.28512;0.28728;0.28993;0.29319;0.29719;0.30177;0.3067;0.31181
0.25803;0.25812;0.25836;0.25877;0.25937;0.26018;0.26116;0.26236;0.26373;0.26528;0.26675;0.26828;0.26997;0.27211;0.27475;0.278;0.28197;0.28648;0.29126;0.2963
0.24395;0.24404;0.24428;0.24467;0.24526;0.24604;0.24697;0.24806;0.24933;0.25076;0.25225;0.25379;0.25549;0.2576;0.26022;0.26343;0.26735;0.27173;0.27643;0.28137
0.23051;0.23059;0.23082;0.23121;0.23179;0.23254;0.23344;0.2345;0.23574;0.23715;0.23855;0.23998;0.24165;0.24372;0.24631;0.24949;0.25332;0.2576;0.2622;0.26701
0.21771;0.21779;0.21801;0.21839;0.21895;0.21965;0.22052;0.22156;0.22276;0.22414;0.22555;0.227;0.22861;0.23053;0.23303;0.23616;0.2399;0.24404;0.24849;0.25321
0.2055;0.20557;0.2058;0.20617;0.20671;0.20741;0.20825;0.20924;0.21039;0.21173;0.21314;0.21459;0.21622;0.2181;0.2205;0.22344;0.22699;0.231;0.23534;0.23992
0.19383;0.1939;0.19413;0.19449;0.19503;0.19571;0.19653;0.1975;0.19863;0.19992;0.2013;0.20273;0.20434;0.20623;0.20858;0.21147;0.21483;0.21857;0.22272;0.22717
0.18269;0.18276;0.18299;0.18335;0.18388;0.18453;0.18533;0.18628;0.18737;0.18863;0.19001;0.19143;0.19303;0.1949;0.19719;0.20001;0.2033;0.2069;0.21076;0.21493
0.17203;0.17211;0.17233;0.17269;0.1732;0.17384;0.17463;0.17556;0.17663;0.17786;0.17923;0.18066;0.18226;0.18412;0.18633;0.18908;0.19223;0.19573;0.19946;0.20348
0.16188;0.16196;0.16218;0.16253;0.16303;0.16366;0.16443;0.16534;0.16638;0.16758;0.16895;0.17039;0.17199;0.17383;0.17601;0.17865;0.18168;0.18503;0.18863;0.19254
0.15222;0.15229;0.15251;0.15286;0.15334;0.15396;0.15471;0.1556;0.15662;0.15779;0.15915;0.16058;0.16218;0.16401;0.16617;0.16873;0.17163;0.17481;0.17831;0.18205
0.14303;0.1431;0.14332;0.14366;0.14413;0.14473;0.14547;0.14633;0.14733;0.14847;0.14979;0.15122;0.15282;0.15465;0.15678;0.15927;0.16206;0.16509;0.16842;0.17202
0.13431;0.13438;0.13458;0.13491;0.13537;0.13596;0.13668;0.13752;0.13849;0.1396;0.14088;0.1423;0.14389;0.1457;0.1478;0.15023;0.15292;0.15585;0.15901;0.16243
0.12617;0.12623;0.12642;0.12673;0.12716;0.12771;0.12838;0.12917;0.13009;0.13117;0.1324;0.1338;0.13537;0.13716;0.13923;0.14159;0.1442;0.14703;0.15007;0.15333
0.11741;0.11747;0.11765;0.11794;0.11834;0.11886;0.11949;0.12023;0.12107;0.12203;0.12313;0.12438;0.12577;0.12741;0.12933;0.13153;0.13396;0.13659;0.13942;0.14246
0.10928;0.10933;0.1095;0.10977;0.11016;0.11064;0.11123;0.11192;0.11271;0.11361;0.11464;0.11581;0.11712;0.11861;0.12034;0.12231;0.12448;0.12691;0.12955;0.13238
0.10173;0.10178;0.10194;0.10219;0.10255;0.10301;0.10356;0.10421;0.10494;0.10578;0.10674;0.10784;0.10907;0.11047;0.11209;0.11393;0.11598;0.11816;0.12052;0.12304
0.094713;0.094763;0.094914;0.095152;0.095487;0.095913;0.096429;0.097036;0.097723;0.098507;0.099407;0.10043;0.10159;0.1029;0.10442;0.10615;0.10806;0.11011;0.11231;0.11467
0.088197;0.088244;0.088384;0.088609;0.088922;0.08932;0.089803;0.090371;0.091012;0.091745;0.092587;0.09355;0.094628;0.09586;0.097283;0.098902;0.10069;0.10261;0.10466;0.10687
0.082142;0.082186;0.082317;0.082532;0.08282;0.083192;0.083644;0.084173;0.084773;0.085459;0.086247;0.087149;0.088159;0.089313;0.090644;0.092161;0.093829;0.095622;0.097554;0.099615
0.36833;0.36837;0.36852;0.36876;0.36914;0.36966;0.37025;0.37034;0.37017;0.36969;0.36881;0.36766;0.36622;0.36387;0.36085;0.35768;0.35501;0.35295;0.35198;0.35148
0.34999;0.35003;0.35019;0.35044;0.35084;0.35139;0.35201;0.3522;0.35207;0.35166;0.3509;0.34995;0.34881;0.34695;0.34445;0.34175;0.33953;0.33792;0.33732;0.33719
0.33233;0.33239;0.33255;0.33281;0.33322;0.33378;0.33445;0.33471;0.33471;0.33446;0.33391;0.33314;0.33215;0.3306;0.32855;0.32632;0.3245;0.32332;0.32311;0.32329
0.31538;0.31543;0.3156;0.31587;0.31628;0.31685;0.31754;0.31788;0.31798;0.31787;0.31752;0.31697;0.31625;0.3151;0.31338;0.31142;0.30992;0.30917;0.30932;0.30975
0.29915;0.2992;0.29937;0.29964;0.30005;0.30061;0.30131;0.30169;0.30188;0.30189;0.30169;0.30136;0.30088;0.3001;0.29875;0.29725;0.29601;0.29552;0.29593;0.29658
0.28357;0.28362;0.28379;0.28406;0.28448;0.28504;0.28575;0.28617;0.28644;0.28653;0.28646;0.28628;0.28604;0.28557;0.28458;0.28351;0.28268;0.28257;0.28309;0.28377
0.26862;0.26868;0.26885;0.26912;0.26953;0.27009;0.2708;0.27127;0.27161;0.27179;0.27183;0.27179;0.27168;0.27149;0.27088;0.27021;0.26977;0.26997;0.27076;0.27163
0.25429;0.25435;0.25452;0.25478;0.25519;0.25575;0.25646;0.25697;0.25737;0.25764;0.25775;0.2578;0.25785;0.25793;0.25765;0.25733;0.25725;0.25772;0.25875;0.25983
0.24061;0.24066;0.24083;0.24109;0.2415;0.24204;0.24273;0.24326;0.24368;0.244;0.24421;0.24436;0.24456;0.24483;0.24487;0.24487;0.2451;0.24584;0.24708;0.24834
0.22774;0.22779;0.22794;0.22817;0.22852;0.229;0.22961;0.2301;0.23058;0.23095;0.23122;0.23146;0.2318;0.23221;0.23252;0.2328;0.23334;0.23437;0.23571;0.23715
0.21537;0.21541;0.21556;0.21578;0.21614;0.21662;0.21722;0.21773;0.21818;0.21853;0.21881;0.21915;0.21956;0.22007;0.2206;0.22113;0.22193;0.22322;0.22475;0.22627
0.20352;0.20357;0.20372;0.20394;0.20429;0.20476;0.20535;0.20589;0.20638;0.20682;0.20716;0.20746;0.20785;0.20844;0.20914;0.20984;0.21086;0.21236;0.21409;0.21578
0.1922;0.19225;0.19239;0.19262;0.19296;0.19342;0.194;0.19455;0.19511;0.1956;0.19599;0.19636;0.19683;0.19742;0.19816;0.199;0.20017;0.20183;0.2037;0.20555
0.18138;0.18143;0.18157;0.18179;0.18213;0.18258;0.18316;0.18373;0.18431;0.18485;0.18529;0.18572;0.18625;0.18692;0.18777;0.1887;0.18989;0.19163;0.19361;0.1956
0.17106;0.17111;0.17125;0.17147;0.17179;0.17225;0.17281;0.17339;0.17399;0.17457;0.17505;0.17553;0.17611;0.17685;0.17777;0.17886;0.1802;0.18191;0.18383;0.18591
0.16121;0.16126;0.1614;0.16162;0.16195;0.16239;0.16293;0.16352;0.16412;0.16473;0.16526;0.16577;0.1664;0.16718;0.16817;0.16939;0.17085;0.17265;0.17461;0.17657
0.15185;0.15189;0.15203;0.15224;0.15257;0.15299;0.15352;0.15409;0.15471;0.15534;0.15589;0.15645;0.1571;0.15793;0.15896;0.16027;0.16182;0.16369;0.16571;0.16774
0.14293;0.14297;0.1431;0.14331;0.14362;0.14403;0.14454;0.14511;0.14572;0.14638;0.14695;0.14754;0.14821;0.14907;0.15014;0.15148;0.15314;0.15505;0.1571;0.15917
0.13444;0.13448;0.13461;0.13481;0.13512;0.13551;0.136;0.13655;0.13717;0.13784;0.13843;0.13904;0.13972;0.14061;0.1417;0.14306;0.14477;0.14672;0.14878;0.15088
0.12637;0.12641;0.12653;0.12673;0.12702;0.1274;0.12787;0.12842;0.12902;0.12969;0.1303;0.13093;0.13162;0.13253;0.13363;0.13501;0.13672;0.13869;0.14076;0.14288
0.11885;0.11888;0.11899;0.11916;0.11943;0.11977;0.12019;0.12068;0.12127;0.12194;0.12257;0.12321;0.12391;0.12482;0.12593;0.12731;0.12902;0.13095;0.13301;0.13513
0.11172;0.11176;0.11187;0.11204;0.11229;0.11262;0.11303;0.11351;0.11405;0.11466;0.11525;0.11586;0.11658;0.11747;0.11857;0.11994;0.12162;0.12351;0.12553;0.12765
0.10496;0.105;0.1051;0.10527;0.10551;0.10584;0.10623;0.10669;0.10722;0.10783;0.10843;0.10903;0.10969;0.1105;0.11156;0.11291;0.11456;0.11639;0.11837;0.12045
0.097745;0.097779;0.097877;0.098036;0.098266;0.098564;0.098931;0.099363;0.09986;0.10043;0.101;0.10158;0.10221;0.10297;0.10394;0.10513;0.10657;0.10819;0.11003;0.11196
0.091038;0.09107;0.091161;0.091307;0.091524;0.091807;0.092147;0.092553;0.093019;0.09355;0.09409;0.094633;0.095235;0.095961;0.096876;0.097994;0.099348;0.10087;0.10249;0.10419
0.084803;0.084833;0.08492;0.085054;0.085258;0.085524;0.085841;0.086221;0.086657;0.087156;0.087667;0.088178;0.088747;0.089429;0.090288;0.09134;0.092618;0.094036;0.095564;0.097155
0.079007;0.079034;0.079116;0.079242;0.079432;0.079677;0.079978;0.080334;0.080742;0.081209;0.081694;0.082176;0.082714;0.083352;0.084158;0.085144;0.086335;0.087668;0.089092;0.090588
0.073619;0.073645;0.07372;0.073838;0.074017;0.074247;0.074526;0.074859;0.075242;0.07568;0.076137;0.076594;0.077101;0.077699;0.078454;0.079379;0.080494;0.081741;0.083072;0.084476
0.06861;0.068635;0.068706;0.068815;0.068982;0.069195;0.069458;0.06977;0.070128;0.070539;0.070971;0.071403;0.071879;0.072439;0.073146;0.074012;0.075058;0.076224;0.077469;0.078785
0.29798;0.29796;0.29793;0.29787;0.29772;0.29743;0.29687;0.29582;0.29422;0.2918;0.28896;0.2857;0.28106;0.27555;0.27015;0.26466;0.25902;0.25348;0.24832;0.24382
0.28342;0.28341;0.28338;0.28333;0.28319;0.28295;0.28248;0.28156;0.28012;0.27797;0.27537;0.27241;0.26821;0.26314;0.25814;0.25302;0.2478;0.24277;0.23812;0.2342
0.26939;0.26939;0.26937;0.26934;0.26924;0.26908;0.26871;0.2679;0.26661;0.26468;0.26233;0.25965;0.25587;0.25117;0.24658;0.24189;0.23717;0.23254;0.22827;0.22492
0.25595;0.25595;0.25594;0.25592;0.25587;0.25576;0.25547;0.25477;0.25364;0.25194;0.24983;0.24739;0.24402;0.23977;0.23548;0.23119;0.22694;0.22275;0.21901;0.21606
0.24306;0.24306;0.24307;0.24307;0.24305;0.243;0.24278;0.24217;0.24118;0.23967;0.23779;0.23561;0.23264;0.2288;0.22483;0.22092;0.21706;0.2133;0.21004;0.20751
0.23067;0.23068;0.23069;0.23071;0.23073;0.23073;0.23059;0.23009;0.22922;0.22791;0.22623;0.22428;0.22166;0.21824;0.21459;0.21103;0.20753;0.20417;0.20133;0.19917
0.21878;0.21879;0.21881;0.21884;0.21889;0.21893;0.21888;0.21847;0.21773;0.2166;0.21512;0.21339;0.21111;0.20805;0.20471;0.20147;0.19832;0.19538;0.1929;0.19104
0.20742;0.20743;0.20744;0.20747;0.20753;0.20761;0.20762;0.2073;0.20668;0.20572;0.20444;0.20293;0.20095;0.19823;0.19522;0.19226;0.18942;0.18686;0.18475;0.18318
0.19668;0.19669;0.19671;0.19675;0.19681;0.19689;0.19691;0.19661;0.19607;0.19526;0.19416;0.19285;0.19116;0.18879;0.18605;0.18339;0.18086;0.17863;0.17685;0.17555
0.18637;0.18638;0.18641;0.18646;0.18655;0.18665;0.18672;0.18651;0.18605;0.18532;0.18431;0.18315;0.18174;0.17967;0.17719;0.17483;0.17261;0.17069;0.1692;0.16814
0.17648;0.17649;0.17653;0.17659;0.17669;0.17683;0.17694;0.1768;0.17644;0.17585;0.175;0.17398;0.17272;0.17084;0.16866;0.16658;0.16464;0.16301;0.16182;0.16096
0.16699;0.16701;0.16705;0.16712;0.16724;0.1674;0.16755;0.16747;0.16719;0.16673;0.16604;0.16519;0.16414;0.1625;0.16054;0.15863;0.15695;0.15558;0.15467;0.154
0.1579;0.15792;0.15796;0.15805;0.15817;0.15835;0.15854;0.15851;0.15831;0.15796;0.15741;0.15672;0.15584;0.15448;0.15282;0.15113;0.1496;0.14839;0.14771;0.14724
0.14919;0.1492;0.14926;0.14935;0.14949;0.14968;0.1499;0.14992;0.14979;0.14954;0.14911;0.14853;0.14782;0.14673;0.14535;0.1439;0.14263;0.14161;0.141;0.14071
0.14084;0.14086;0.14092;0.14102;0.14117;0.14137;0.14162;0.14168;0.14162;0.14144;0.1411;0.14065;0.1401;0.13925;0.13812;0.13691;0.13589;0.13509;0.13471;0.13446
0.13286;0.13288;0.13295;0.13305;0.1332;0.13342;0.13368;0.13378;0.13376;0.13364;0.1334;0.13307;0.13266;0.13203;0.13115;0.13017;0.12936;0.12881;0.1286;0.12849
0.12524;0.12526;0.12532;0.12543;0.12559;0.1258;0.12606;0.12619;0.12622;0.12616;0.12601;0.12579;0.1255;0.12507;0.12441;0.12368;0.12306;0.12272;0.12267;0.12269
0.11794;0.11796;0.11802;0.11812;0.11828;0.11849;0.11877;0.11892;0.119;0.119;0.11892;0.11879;0.11863;0.11838;0.11792;0.1174;0.11696;0.1168;0.1169;0.11705
0.1111;0.11112;0.11118;0.11127;0.1114;0.1116;0.11184;0.11198;0.11209;0.11214;0.11213;0.11209;0.11203;0.11193;0.11164;0.11132;0.11106;0.11107;0.1113;0.11156
0.1046;0.10462;0.10468;0.10477;0.10491;0.1051;0.10535;0.10552;0.10564;0.1057;0.1057;0.10567;0.10569;0.10571;0.10558;0.10543;0.10536;0.1055;0.10586;0.10623
0.098408;0.098428;0.098488;0.098576;0.09872;0.098914;0.099161;0.099358;0.099517;0.099622;0.099674;0.099694;0.099723;0.099765;0.099739;0.099744;0.099837;0.10013;0.10058;0.10104
0.092512;0.092532;0.092592;0.09268;0.092824;0.093017;0.09327;0.093491;0.093676;0.093814;0.093905;0.093973;0.094063;0.094179;0.094269;0.094334;0.094494;0.094916;0.095459;0.096
0.086904;0.086924;0.086984;0.087079;0.087223;0.087419;0.087667;0.087897;0.088101;0.08827;0.088396;0.088503;0.088643;0.08882;0.089019;0.089201;0.089485;0.089954;0.090504;0.091122
0.08097;0.080991;0.081048;0.081135;0.081272;0.081456;0.081689;0.081909;0.082105;0.082267;0.082388;0.082493;0.08263;0.0828;0.082994;0.083172;0.083447;0.083895;0.08442;0.08493
0.075458;0.075476;0.07553;0.075612;0.07574;0.075912;0.07613;0.076339;0.076525;0.076682;0.076802;0.076903;0.077035;0.077199;0.077388;0.077561;0.077826;0.078253;0.078755;0.079244
0.070334;0.070351;0.070402;0.070478;0.070591;0.070758;0.070962;0.07116;0.071335;0.071486;0.071602;0.071703;0.071831;0.071987;0.07217;0.072339;0.072594;0.073001;0.07348;0.073946
0.06557;0.065586;0.065634;0.065709;0.065816;0.065967;0.066157;0.066344;0.06651;0.066653;0.066766;0.066864;0.066988;0.067137;0.067314;0.067479;0.067724;0.068111;0.068567;0.069011
0.061144;0.061159;0.061204;0.061274;0.061374;0.061514;0.061691;0.061868;0.062024;0.06216;0.062267;0.062363;0.062481;0.062624;0.062796;0.062955;0.063191;0.063559;0.063993;0.064415
0.057033;0.057047;0.057088;0.057154;0.057247;0.057377;0.057542;0.057709;0.057856;0.057984;0.058086;0.058177;0.058289;0.058423;0.058589;0.058745;0.058972;0.059322;0.059733;0.060134
0.23557;0.23553;0.23542;0.23525;0.23485;0.2341;0.23309;0.23186;0.2297;0.22688;0.22378;0.21921;0.21312;0.20516;0.20508;0.23502;0.23697;0.20868;0.21057;0.24595
0.224;0.22397;0.22387;0.22371;0.22334;0.22264;0.2217;0.22055;0.21855;0.2159;0.21302;0.20886;0.20347;0.19688;0.19367;0.21117;0.21591;0.19659;0.19325;0.20742
0.21293;0.2129;0.21281;0.21265;0.21231;0.21167;0.2108;0.20971;0.20786;0.20537;0.20266;0.19884;0.19399;0.18848;0.18384;0.19052;0.19658;0.18683;0.17908;0.18486
0.20234;0.20231;0.20223;0.20209;0.20177;0.20119;0.20037;0.19934;0.19762;0.19528;0.19271;0.1892;0.18473;0.18004;0.17505;0.17529;0.17961;0.17548;0.16689;0.16887
0.1922;0.19217;0.19209;0.19197;0.19168;0.19115;0.1904;0.18944;0.18783;0.18559;0.18318;0.17996;0.17579;0.17157;0.16687;0.16387;0.16521;0.16362;0.15609;0.15623
0.18247;0.18245;0.18238;0.18226;0.18201;0.18153;0.18085;0.17993;0.17843;0.17634;0.1741;0.17113;0.16723;0.1633;0.15902;0.15477;0.15331;0.15221;0.14698;0.1456
0.17321;0.17319;0.17311;0.173;0.17274;0.1723;0.17165;0.1708;0.16942;0.16749;0.1654;0.16268;0.15907;0.1554;0.15144;0.14713;0.14365;0.14191;0.13912;0.13632
0.16445;0.16443;0.16436;0.16425;0.164;0.16358;0.16296;0.16212;0.16081;0.15902;0.15708;0.1546;0.15128;0.14784;0.14418;0.14022;0.136;0.13302;0.13094;0.12808
0.15602;0.15599;0.15593;0.15583;0.15562;0.15525;0.15469;0.15392;0.15274;0.15103;0.14918;0.14686;0.14381;0.14059;0.13723;0.13357;0.12969;0.12578;0.12325;0.12122
0.14794;0.14791;0.14786;0.14777;0.14758;0.14726;0.14677;0.14607;0.145;0.14344;0.14173;0.13961;0.13675;0.13367;0.13055;0.12721;0.12364;0.11997;0.11661;0.11475
0.14018;0.14017;0.14012;0.14005;0.13988;0.13961;0.13917;0.13854;0.13758;0.13616;0.13459;0.13267;0.13006;0.1272;0.12426;0.12113;0.11783;0.11449;0.11125;0.10874
0.13277;0.13275;0.13271;0.13265;0.13251;0.13228;0.1319;0.13133;0.13047;0.12919;0.12775;0.12601;0.12364;0.12098;0.11829;0.11542;0.11235;0.10924;0.10633;0.10375
0.12566;0.12565;0.12562;0.12557;0.12546;0.12526;0.12495;0.12444;0.12367;0.12252;0.1212;0.11964;0.11748;0.11502;0.11255;0.10992;0.10714;0.10435;0.10168;0.09931
0.11887;0.11886;0.11884;0.1188;0.11871;0.11856;0.11829;0.11784;0.11715;0.11613;0.11494;0.11355;0.11159;0.10931;0.10704;0.10464;0.10213;0.099635;0.09727;0.095181
0.11238;0.11237;0.11236;0.11232;0.11226;0.11214;0.11192;0.11153;0.11092;0.11002;0.10895;0.10771;0.10595;0.10386;0.10176;0.099569;0.097319;0.095091;0.093011;0.091202
0.1062;0.10619;0.10617;0.10613;0.10609;0.106;0.10583;0.10549;0.10496;0.10416;0.1032;0.1021;0.10054;0.098638;0.096712;0.094733;0.09272;0.090737;0.088922;0.087389
0.10041;0.1004;0.10038;0.10036;0.10031;0.10023;0.10008;0.099759;0.099267;0.09856;0.097709;0.096727;0.095364;0.093619;0.091871;0.090088;0.0883;0.086552;0.084969;0.083679
0.094859;0.094856;0.094847;0.094833;0.094805;0.094752;0.094639;0.094368;0.093945;0.093324;0.092533;0.091625;0.090394;0.088828;0.087231;0.085631;0.08405;0.082514;0.081151;0.080064
0.089569;0.089568;0.089564;0.089557;0.089544;0.089514;0.089436;0.08921;0.08885;0.088312;0.087624;0.086829;0.085751;0.084342;0.082838;0.081356;0.079959;0.078623;0.077456;0.076545
0.08452;0.08452;0.084521;0.084521;0.084522;0.084515;0.084471;0.08429;0.083983;0.083525;0.082926;0.082235;0.081296;0.080066;0.078713;0.077396;0.076118;0.074904;0.073885;0.073125
0.079701;0.079702;0.079706;0.079714;0.079726;0.079738;0.079725;0.079582;0.07933;0.078946;0.078434;0.077825;0.077039;0.075967;0.074758;0.073591;0.072468;0.071432;0.070544;0.069846
0.075105;0.075107;0.075115;0.075128;0.075149;0.075176;0.07519;0.075084;0.07488;0.074564;0.074128;0.073601;0.072947;0.072025;0.070963;0.069944;0.068964;0.06808;0.067349;0.06678
0.070722;0.070726;0.070737;0.070754;0.070784;0.070823;0.070859;0.070787;0.070628;0.070373;0.069997;0.069554;0.069018;0.068239;0.067319;0.066433;0.065592;0.064854;0.064262;0.063803
0.06594;0.065943;0.065953;0.06597;0.065997;0.066035;0.066071;0.066005;0.065857;0.065623;0.065288;0.064877;0.064384;0.063665;0.062825;0.062004;0.061229;0.060553;0.060015;0.059602
0.061496;0.061499;0.061509;0.061525;0.061551;0.061586;0.061621;0.061561;0.061425;0.061209;0.060903;0.060531;0.060076;0.059413;0.058635;0.057882;0.057171;0.056548;0.056059;0.055687
0.05737;0.057373;0.057382;0.057396;0.057421;0.057454;0.057488;0.057434;0.057308;0.057108;0.056824;0.05649;0.056072;0.05546;0.054743;0.054047;0.053393;0.052819;0.052376;0.052043
0.053539;0.053542;0.053549;0.053563;0.053586;0.053617;0.053649;0.053599;0.053483;0.0533;0.053035;0.052725;0.052352;0.051786;0.051127;0.050482;0.049879;0.04935;0.048945;0.04865
0.049984;0.049986;0.049994;0.050007;0.050027;0.050054;0.050084;0.050037;0.049931;0.049761;0.049517;0.049229;0.048888;0.048373;0.047762;0.047164;0.046611;0.046123;0.045755;0.04549
0.046683;0.046685;0.046693;0.046704;0.046722;0.046747;0.046775;0.046732;0.046633;0.046475;0.046249;0.045982;0.045667;0.045202;0.044631;0.044081;0.04357;0.043121;0.04279;0.04255
